611187
850693
439638
869117
35443
186054
927622
492595
958942
748590
832018
518907
963321
441174
536534
752193
873162
865550
383877
255906
478751
938298
99014
362006
126137
117059
760080
213307
785152
687109
905586
667856
574643
734108
761027
815914
613402
251542
789638
929988
812673
431692
839146
236291
278441
385342
633235
419479
599322
989090
532796
597994
393172
203079
490937
332691
369441
891161
39105
552535
444636
933414
359307
369636
548264
165471
393818
319385
990657
712318
467156
493188
799487
648138
895672
786693
831846
591819
361598
597716
644795
842803
280224
573205
990428
868002
304990
696866
21614
817847
605498
289593
284245
273871
486121
81267
640445
858967
243598
739090
159043
878122
241979
691785
395449
937330
819779
624808
185894
511699
411557
941463
199991
622002
450604
815016
954519
611360
680078
184860
985573
576920
460424
458802
253927
530970
55473
841611
302336
282054
452846
152917
921273
270032
574908
79629
54233
756184
797706
285360
325148
848180
972358
471602
69455
69455
367128
124478
487242
552387
548225
494291
149646
666662
323765
208426
289976
681797
751761
735777
251715
752180
776443
888332
821823
466046
538474
346028
592619
896874
785207
957321
289501
622498
25466
94169
811197
487687
3592
Not Found
733788
451042
599694
274122
38675
715783
871899
913701
547548
928787
7026
3518
406054
121625
704233
264924
827469
640626
541000
557581
973559
429327
207321
370183
789433
915839
690794
402558
112521
359100
895522
46368
138269
652267
890481
897642
210704
574147
545819
819050
773621
681944
444
312660
140483
Not Found
518827
667862
842978
396722
976023
52217
41400
888303
943012
456585
390959
879549
448554
919812
806009
543901
255178
102894
359778
336359
215797
47294
523106
166704
817433
299964
531408
591188
677985
135710
758560
99705
197110
844419
637899
758011
304773
594902
513910
198129
295800
421562
639059
234487
740999
746652
197464
470121
561559
268756
809505
576421
442443
786515
986519
233965
887444
128887
382152
170587
773722
498361
794505
459904
569417
724449
4933
83910
745477
2509
66756
447504
996567
396568
405335
720073
754452
164705
975712
993771
474366
457442
819324
230525
515772
505640
569561
577928
846712
215047
897990
129627
36399
200947
23578
214993
88087
819703
560877
278375
638209
136110
324689
Not Found
539068
502130
639699
557695
389096
27031
146117
989785
665018
128609
179685
754039
115235
275581
976095
586395
523831
287619
596827
554579
80102
136635
990981
184371
967688
104150
54519
707226
839863
573618
637899
651778
265472
737481
480877
823403
859464
756993
541989
450793
62046
9152
849858
230886
904025
484659
546406
358271
605237
640626
109876
294717
665017
152989
595807
289208
989243
193487
223275
788127
710552
545572
835035
175974
943909
544869
959883
413380
617336
189913
175646
106166
837399
42821
200103
653331
639331
253845
245971
435545
250225
681466
379454
252683
370414
198367
129788
14268
964347
930663
901306
721838
21126
101018
945960
123165
201160
373890
532711
551178
388578
449089
652475
904025
255178
365746
766758
406054
306874
948274
901513
198394
662709
949667
981541
224514
121702
429931
373890
769078
349568
175638
956467
103084
545819
438861
62501
929397
664286
277361
3042
176141
52333
453259
4201
723299
Not Found
27142
506751
97448
864279
717983
870244
616239
785458
322122
622452
790965
274791
980730
486840
283705
979697
537238
147180
307671
388500
255060
13320
28104
688098
196219
201125
185295
698941
530924
306804
747814
593518
201520
999714
112543
425650
282157
888329
556402
108782
214629
Not Found
152989
410481
42620
255338
160171
246011
369636
645575
958351
555511
89554
296065
193192
295599
816623
727528
120530
549405
232012
622405
274834
146232
684870
827599
642756
286608
557149
121958
597422
666319
948597
569635
91577
379813
559692
892706
91014
82056
407674
726533
819484
191824
570691
39582
717209
398422
575450
141960
560730
908629
634089
44929
873444
134357
451512
835384
84729
89113
254724
439387
2263
59274
546264
943217
194799
994964
380676
566970
243598
790229
431140
733770
81063
198148
129440
228656
828322
186350
905146
717562
541212
476569
908878
165773
771804
306804
121625
163133
738487
688539
Not Found
511483
455774
984837
74664
655839
638022
247400
515183
495731
850098
959560
582187
822904
703170
875236
804758
871101
982363
560336
826794
573322
649654
205202
713216
554495
54366
97047
481701
751865
484167
373056
435878
437885
915241
86847
915839
950267
73358
167830
200919
198148
48280
439780
921390
810923
372172
671304
867261
860782
643170
978050
814021
7308
228266
851899
620859
309840
762521
108782
303017
275200
938053
528406
180055
982871
208426
525436
374393
337058
50871
877226
42054
630731
530477
68643
491212
325741
200310
487440
166735
2884
607502
134160
466417
752405
322701
Not Found
Not Found
507825
264444
990045
945391
594
363111
693169
377161
292126
797637
460238
93202
415406
535336
246830
971515
197110
156917
546939
954230
635048
176103
535927
65647
514952
70330
875057
410867
291290
121625
52350
773637
349427
491029
73191
139575
347083
668094
120350
Not Found
370167
131359
202906
963132
823200
86847
281341
863978
585771
487170
893432
52524
120727
523202
918418
222192
481748
956813
181329
168055
35602
254816
573205
506330
521157
761585
800864
648706
286625
821823
94389
346981
368039
914098
833370
352308
4235
327103
855794
342455
573322
978725
806360
658197
950072
559848
563403
830293
69329
77385
219668
407674
143277
114767
806898
824301
191606
Not Found
926963
246830
255829
599322
89509
9672
339312
35555
668147
788728
430884
591188
528844
983573
837948
126656
260720
40366
870362
286103
243787
636669
576393
401739
990682
936342
710066
681061
315242
350695
675102
920755
874441
842543
183353
689660
675758
785239
766409
500713
217212
310542
159028
496268
898222
317935
471969
382697
675521
951011
234571
413523
917924
217544
533630
472633
474901
695804
13313
23342
276923
669952
888598
74516
788728
587344
463724
897990
165773
488872
45490
723691
538775
412798
920503
185894
Not Found
Not Found
952701
335517
396756
954430
402112
877263
785689
153737
85652
127530
574624
535047
58229
175646
609493
163186
346981
Not Found
224491
422109
645349
491544
187985
255822
132663
111217
166449
902364
953379
628632
374064
168146
659139
126300
145425
625316
781798
603306
397427
472668
938277
654519
731535
437881
150900
325082
575233
871615
139335
69469
687120
213094
768852
22569
617635
845546
391401
43340
562650
381952
221662
398022
319216
803563
596406
573322
329063
261334
986386
342124
Not Found
650373
165773
428551
94911
780467
417187
610124
765720
467178
983079
989518
969272
365026
534569
255502
592948
450604
454968
620516
20534
580273
399605
36604
506751
356926
408796
846872
888552
34436
78232
972547
489850
133299
243787
278567
949440
908218
738995
338661
273652
94911
616494
241330
91261
775005
503857
356926
511198
486121
620391
832210
484221
818082
252122
668674
607311
736983
400404
105146
422784
278912
36202
444922
877055
982498
714452
751674
675758
297250
172553
659268
736387
947273
68001
33407
498354
875057
967688
554579
828489
306664
201160
775973
826704
894938
620399
278660
164691
264366
768937
278660
760653
813889
403166
968845
801730
580047
28699
218410
768385
147621
108970
7308
833771
544290
277349
183353
781424
105965
438646
2565
684586
403540
215381
36950
599790
792453
901517
583295
209724
592126
294244
320607
423434
439629
647275
489446
289111
201686
652267
505640
658190
Not Found
752405
944312
315111
950072
864731
131045
179685
179586
950267
269084
562650
501222
117059
110124
284873
31348
970105
90984
623792
835110
349098
997514
65498
544745
402022
274834
320300
318981
941463
592126
504069
713235
819704
626213
132362
433062
167830
266218
763166
616752
389849
293942
296065
842545
116844
417600
627934
243787
143356
292495
19030
558149
113368
530497
894850
539970
105180
799597
761556
106770
873249
Not Found
509185
376587
103084
901194
319603
744151
713773
823403
173021
183211
361288
688252
285612
772322
543535
420688
233965
Not Found
160197
50871
970105
148866
306664
87300
995485
955684
607689
359702
110647
351112
882033
500323
466274
605750
212502
535805
Not Found
596600
730649
271335
688862
205202
828772
650279
995485
955628
848180
70576
418020
581041
917199
490269
988018
844775
879572
987715
760337
591196
179586
931196
Not Found
634913
789873
108388
222540
731535
440641
458923
394099
464855
499668
121702
282969
889529
583235
Not Found
622002
540362
808014
870983
706041
463832
618196
593142
885376
896468
796155
244615
348599
929547
614764
223816
865209
546480
297199
665085
319781
827266
24926
539715
947130
56016
427596
999413
703464
129401
288968
539910
219970
300134
160731
233507
877226
968845
69400
404514
508222
313964
349868
929827
386870
656656
933284
225669
477994
996008
321269
481701
264992
597919
152990
511271
845622
291792
493188
988539
209008
606866
14098
91441
159492
228656
787976
722559
623760
867021
576872
778245
899785
533630
679061
610694
355432
505405
649654
357672
161216
342962
458528
439830
449411
498643
634147
957627
833738
23578
16338
890219
907604
379407
527426
308831
787513
889256
827469
900879
300744
524095
4235
106166
Not Found
717870
877226
386124
401796
737092
338661
79273
752180
43492
561723
Not Found
485353
442193
61011
325082
232814
456915
618059
265326
461223
781391
678095
227736
179202
986645
366604
350668
911679
418867
615917
422769
126015
255167
150386
652907
384250
522908
132097
512780
905586
347224
207105
274039
833582
712780
152000
522855
530915
202906
806402
547386
813543
272643
788596
39809
192367
948963
254695
599261
295723
782155
466708
355432
779473
116118
615644
304137
Not Found
541267
888552
140483
608935
101545
240074
913363
Not Found
588152
945542
728739
156776
771490
15918
586519
947351
563916
381732
152471
Not Found
30074
363222
201160
333470
523908
357014
166110
883622
309236
440704
906664
20665
224295
471293
107403
812711
Not Found
975132
Not Found
600638
493492
857583
515183
712318
Not Found
6617
741666
702651
457307
528244
168395
776441
925734
347762
752736
109232
927622
296099
886459
487692
753835
880732
703170
117877
305876
898902
386776
497364
430884
826464
59387
748590
913701
978711
31348
836034
Not Found
609027
586461
446365
826794
533302
486715
636315
634687
577502
300716
904685
689660
593822
17956
53039
90621
20119
917896
773530
395740
494549
765720
709172
334707
303333
365638
208270
394508
300132
148866
693226
528244
27296
Not Found
22994
184541
3370
467621
312660
170810
297129
450164
418457
804014
168813
614228
402927
634913
712579
884110
251423
84461
337412
941247
866945
205337
348897
287472
484659
483969
604964
177426
927659
480768
559350
183283
244556
Not Found
941463
910573
78232
456585
576673
52485
945347
16967
673614
688096
143586
439629
53697
219668
89554
607543
949348
775973
183505
962623
486546
619066
218789
370300
272957
72397
697926
142245
288177
659405
757162
25270
120350
764865
819704
436724
743046
572272
628856
492595
841360
459414
849858
837877
841177
872035
494549
484901
244449
170149
107281
987377
647275
623691
470390
983079
87391
561348
Not Found
539490
146240
596957
983411
788035
351399
152436
149142
93268
Not Found
806422
550746
754406
8399
544693
989456
232782
987735
Not Found
278660
714988
Not Found
442366
194938
197464
688628
711897
318611
83799
721371
541950
412358
658368
196400
41593
568269
86938
280579
Not Found
82716
263745
388799
495264
497289
644795
587724
701205
961994
Not Found
185894
385044
853975
333508
622301
719975
859042
390766
479440
413341
852890
785415
625864
503575
Not Found
160162
594203
217962
Not Found
263745
582288
877308
892507
226439
347762
865598
493527
985392
683768
463745
850177
394310
585771
675480
519762
826865
577875
277325
765394
464789
395040
676357
691785
620399
249984
33896
329979
455810
Not Found
101545
847195
569961
690334
595024
945391
150371
240195
895641
199741
147719
385542
Not Found
619066
496286
997832
673625
86062
844600
222769
688539
629421
639551
332890
385305
588426
508270
460169
417525
5384
584381
48078
401289
Not Found
908912
372716
550085
699635
425288
106112
159747
557809
315242
492710
307812
971351
939695
861383
822288
559692
644159
851749
832086
407674
831821
68918
Not Found
460310
238829
244975
263745
Not Found
619625
420367
279558
296369
366298
695761
825984
443174
286582
596339
358379
Not Found
599686
413987
531473
691371
919629
932905
584628
937981
Not Found
502450
936874
782155
222839
47118
432140
192971
892516
382708
936369
2529
305905
931034
819391
103631
891741
75826
986729
396731
986967
679988
213440
335937
613402
Not Found
771490
527360
507743
682729
940634
33558
543595
897307
153018
183211
225084
179790
856278
680359
25270
932905
848691
47024
395038
941167
788411
527612
Not Found
679149
252370
986348
Not Found
523106
276923
867828
414693
973559
901923
460400
214868
964347
361949
Not Found
222840
128451
580375
686688
297421
164232
413288
628632
529587
Not Found
631354
785458
781919
371126
370183
93690
Not Found
36455
652907
394565
823094
119214
453162
372716
283705
Not Found
262625
839469
106406
679036
Not Found
427596
851451
111217
170573
357647
474366
971445
398637
409829
341960
Not Found
656234
970086
522720
Not Found
758387
20119
45052
957627
216725
898819
330026
801448
Not Found
993276
402367
Not Found
733770
769078
232160
113058
197325
999432
978711
703990
127530
815794
236167
473980
Not Found
124142
753116
103467
310185
468666
29035
275690
606676
252681
747317
498560
121533
500713
950719
Not Found
323765
996008
902019
825282
481570
547548
543694
934818
126936
451013
778908
476870
188600
481172
598285
103084
778512
671304
773637
719670
898125
943256
745051
Not Found
61180
212289
498914
295059
741824
512533
772347
Not Found
993281
532715
786329
398646
608935
114216
645575
370058
854861
831943
438761
348608
341641
517245
897148
212502
587943
592948
836845
836827
888342
229976
Not Found
887450
776443
599315
767308
692314
887450
2263
598511
33116
788035
599353
592499
Not Found
893359
890007
897304
208412
193487
595759
475569
774165
28277
191606
320836
771804
49106
242986
869781
82056
621797
162717
755702
8897
877263
298930
762425
36442
850388
935502
839247
591208
298839
659405
88087
658197
350668
413380
852890
85652
468390
690323
833818
496190
799213
Not Found
273241
453930
132181
93922
2509
463505
51818
569635
19007
905729
856278
786041
989917
800456
676641
501383
398193
289782
963813
50789
21370
783750
152179
382349
93404
482460
984837
733040
503099
84729
Not Found
842181
959783
766758
439780
382474
648612
598141
512038
215501
43483
375993
145215
524066
738487
809221
295226
80102
286458
556349
960320
254746
512038
385741
580060
534036
908255
218410
970248
264266
312660
495370
573114
213710
562873
287335
648138
723691
936702
Not Found
793470
613788
222410
251715
559848
960637
277742
92582
443718
947428
813543
183421
979668
576673
550654
738416
39241
115425
149142
587261
Not Found
27411
Not Found
742914
184830
691306
Not Found
37409
786255
79784
758560
742463
581504
975457
789638
385712
480607
788596
819925
120489
361695
850928
351112
264418
682613
995614
Not Found
908934
133492
77323
299899
Not Found
407945
166038
586482
937836
566978
691927
708594
877226
566085
228778
835035
594902
385783
192588
324217
377792
50124
391389
842079
723809
452400
Not Found
595759
691130
464050
876623
119620
237866
175932
757102
679281
720027
491807
251270
247861
756446
168395
232234
874381
Not Found
773530
36950
282427
127270
267557
513910
489850
891288
475089
943531
741649
901194
213307
82506
227736
442286
491212
Not Found
215797
210707
109232
837018
701524
562650
280713
328656
68225
17533
630731
Not Found
43480
993385
Not Found
701029
848953
670373
91441
989976
89113
538645
638772
299065
456042
94169
602702
789241
504244
520295
549831
476048
664881
386022
588426
871405
233295
52390
978927
370855
172997
401427
508908
667862
911094
996167
Not Found
492921
560132
12639
639044
275189
511271
875501
52323
209356
359905
49373
894492
403793
784952
241639
864561
465331
36399
202165
Not Found
Not Found
914755
697648
718851
542301
458662
341100
Not Found
Not Found
16785
444690
853166
374496
324538
456839
62144
778976
208270
222839
404769
Not Found
540043
732663
621797
168055
Not Found
642756
Not Found
10171
60013
307618
555749
572945
719152
708205
273569
818531
495731
254784
37022
Not Found
226885
296904
Not Found
414351
652701
117393
121325
777142
850388
420144
408796
492327
667615
220156
826925
713458
379454
86083
888598
850340
503437
135041
450793
981541
278905
500177
555909
28800
543348
638772
36455
462099
938685
254934
412008
686507
604052
200310
696644
299065
830293
517106
553908
419277
949627
188151
731449
188151
794049
209848
254724
336359
461390
870623
225913
786702
861165
933284
847597
285545
199803
40476
622405
284783
771804
857946
688862
548934
445123
400580
224491
227563
135978
822288
760081
681953
696604
Not Found
974851
856278
733917
920130
570889
869537
338011
903585
574268
385305
405370
574187
520295
483969
89554
114216
784746
956772
970886
735198
490467
3571
69469
949977
127530
Not Found
689990
619125
88351
892789
190060
Not Found
811068
677033
142245
709915
167385
279951
559848
464553
825821
93948
74664
352308
123769
334487
719152
335899
638383
933284
806937
313175
703464
633326
542089
300985
339312
462078
361135
86292
153229
63319
114405
Not Found
668761
917386
493527
806923
943079
Not Found
320836
171029
923309
400580
752574
371774
115817
860128
968871
316377
266346
975033
484221
53198
124464
872617
91979
292330
37576
541267
852322
526184
832844
631084
Not Found
706581
294427
39054
658197
68893
37373
629265
202489
683768
Not Found
899722
306000
284873
493456
823989
17114
204902
858700
498224
487273
917676
351043
73408
292291
892577
819323
924767
323381
717242
248777
685053
Not Found
269058
762834
565292
105221
Not Found
474878
727493
29299
540637
165471
153401
205337
223813
304773
434126
259180
844600
825149
940545
85731
372835
196607
371468
206456
560336
609336
862899
491544
530779
103084
729268
484117
381543
481349
980913
172553
386870
354670
757937
388500
493527
462099
348050
848838
132976
373148
773621
65801
130515
500141
592499
973981
399605
542089
613544
153182
331837
446365
241979
503531
935431
249714
973465
487242
281143
860932
Not Found
367128
75521
659588
997683
227126
401694
395040
Not Found
204902
565051
163466
979418
983099
639321
Not Found
733669
359905
707184
766572
63659
786828
948039
737481
403747
2783
179050
729820
233059
554185
661932
904866
406054
406456
230687
13639
931515
581041
473934
279077
413201
558496
928280
947273
112700
775880
85303
765397
576318
284675
245852
512780
111115
887545
186656
917527
467705
112521
753469
500177
181329
296907
890481
78644
514173
60727
Not Found
471965
920072
341641
531737
252430
320144
617635
897989
192971
543535
479785
990282
788294
757169
15294
721742
790033
420048
Not Found
512463
804643
320300
72614
Not Found
348275
353520
815914
717950
256045
671210
400221
269094
68643
18075
915506
Not Found
496365
268634
416367
765397
62046
330394
740407
323138
836893
459303
421394
631616
937346
511271
908218
592126
568351
Not Found
826024
421334
832212
615844
554495
882239
Not Found
402427
666308
600638
469094
981570
948039
623792
142634
633235
600911
453737
822525
237644
978521
273142
145752
198394
979668
848851
179945
493527
Not Found
577078
592041
418154
364156
794921
384478
815252
674913
302341
281290
98102
486023
80491
329776
Not Found
765373
947405
598141
829739
410955
452400
877400
799813
84292
439638
150539
650226
750969
513525
Not Found
474041
275189
80270
741694
32982
Not Found
379454
381543
827599
785239
417180
888475
124828
885462
237689
318856
371695
518186
973559
3063
508908
593677
679042
676173
244223
712579
635785
854643
23424
597273
291623
210204
429311
106083
109971
343237
485098
491029
385044
4640
635574
948963
2263
825821
742914
274232
801303
799213
154838
92582
522809
141092
581083
325780
321269
790033
571051
454522
Not Found
953899
582831
Not Found
479785
263268
665285
429688
311460
813105
434198
858700
188151
615874
778086
688069
361695
281290
503602
643749
330621
417327
860959
704942
105221
496508
536343
Not Found
515121
585007
Not Found
316377
580382
843412
348206
Not Found
508661
690334
128785
827801
403166
983157
424272
652234
Not Found
713773
503099
338393
207655
32184
210704
506065
857955
905146
977800
638304
631139
530477
Not Found
176382
65498
286458
Not Found
143356
94754
726707
196400
724910
874133
968414
802506
762601
648581
301669
688628
882509
69270
587639
216076
568359
816657
59274
761585
960376
983205
246011
89113
465645
344654
Not Found
437618
967688
588574
757233
38847
995485
86847
621694
915839
801303
Not Found
943160
264992
447073
84308
120886
952000
51998
699448
500177
808986
Not Found
741468
534233
794892
652789
440965
267790
247861
42891
467178
Not Found
164168
341265
831993
487160
392979
683237
733479
924255
397959
228810
647466
601706
Not Found
243525
744462
185295
164592
922657
97230
280804
38626
436884
812990
Not Found
813105
768975
345567
894919
501368
988093
971746
846765
416337
146117
276477
109581
853208
197745
465609
575816
26884
953351
556344
439188
191175
521227
276295
773530
773637
979685
81850
998020
358379
Not Found
64760
478120
464649
533552
827450
Not Found
543947
975073
518398
Not Found
707633
902776
719971
631354
38626
112700
264265
158395
886696
646830
997433
133310
888980
328656
625370
944393
737812
768730
57659
870362
313964
662940
484117
346854
539715
663798
263745
773281
631915
738794
883787
108526
306460
131164
681532
828489
386532
689300
747160
230693
986729
988526
271089
294853
407674
129788
Not Found
655502
543947
68643
452504
713235
717983
178505
35457
937895
10765
172493
495146
971515
505505
75774
884308
121905
9672
178463
481701
706615
927199
793173
62879
310858
477230
633326
82056
199412
360518
860051
156570
842543
347372
949718
844534
631068
574908
535336
344370
794921
192006
977191
333196
1610
845945
420144
249216
489850
473691
114568
419479
850581
607719
Not Found
498224
539490
Not Found
46685
348050
67320
393003
287619
594278
Not Found
Not Found
444199
Not Found
Not Found
381950
528091
929511
834140
510115
998615
752594
359161
Not Found
505472
853226
314211
95842
299899
295723
326103
163466
523874
625316
895922
447972
543348
144434
Not Found
969633
849059
372074
325155
Not Found
119921
816770
464012
949715
148866
Not Found
59445
652789
902019
918842
948700
Not Found
684611
155663
189589
357768
868798
307812
454546
90496
635479
745712
35898
55671
511805
141076
947351
342455
79500
Not Found
885865
631068
353566
142184
132916
680037
461390
3396
796155
263268
523110
Not Found
560877
264265
Not Found
751558
352308
786693
168552
496365
333237
478746
945643
Not Found
541399
110083
938276
944320
507881
13433
554185
23424
538083
733413
996659
319732
417600
523202
781495
856674
163466
406456
781701
681572
382708
600971
970086
734434
688098
436895
55408
645349
613006
559037
937548
605460
292459
3370
230156
163186
403747
529214
37554
221298
392955
230126
86960
503602
611989
694257
652701
636669
821074
217683
703131
170294
333508
365638
460169
426337
867828
742927
274834
923437
611521
596827
988180
237866
903674
406819
926963
272643
861383
401313
506026
113368
222779
486546
495279
647857
692719
471293
230026
985407
837006
245722
188151
606757
586104
228397
983646
32483
425650
765373
112362
385712
351521
86341
944758
757003
204947
598511
813889
496268
189830
264304
443405
824448
274783
539217
895792
528004
Not Found
800551
493439
641925
172324
293650
426337
902019
394068
636825
165428
83462
78357
876091
495323
18099
711030
87700
437663
785689
171786
100740
949196
107904
553371
994362
528406
391148
469094
617860
411766
610091
110282
654804
765410
296368
704702
102591
295059
797755
189956
949090
646149
299512
172392
248621
897761
550099
282389
781506
27882
299512
653820
630120
963330
785207
93983
94515
754484
274232
627511
542119
905780
184204
786896
305913
930528
Not Found
901361
20805
469075
707513
820498
Not Found
456585
217683
528406
594807
304137
152234
370167
353653
481155
866623
996008
210704
795989
843045
625710
204621
150384
887376
615868
485803
29299
169300
5384
786255
Not Found
528406
71590
262386
933414
165614
981551
621728
240746
2509
80270
28104
908978
844148
884364
400580
486380
621031
188549
836327
490959
920777
576093
831539
Not Found
275626
868798
556604
862148
396756
924793
Not Found
329463
706393
648526
62046
407674
534435
684320
154466
145452
932816
380830
202489
367371
10675
45857
411766
912163
141311
435878
167275
701791
79598
456019
651958
501489
244331
218149
716334
Not Found
381118
Not Found
Not Found
35555
158307
276823
564840
1389
953511
877308
28277
744462
633314
358946
753383
620516
741694
270518
263500
86062
594203
639347
164232
899785
458394
889658
548953
Not Found
940634
574770
153182
708187
453737
7277
490846
871540
124665
153401
173021
448986
731828
498914
136078
119849
Not Found
200778
Not Found
52485
Not Found
353566
99705
587763
133802
214639
380868
251750
263709
299899
286071
232160
915504
983412
923648
681944
999413
473407
85215
874200
529225
652683
171103
544536
868367
530970
659031
Not Found
Not Found
45224
169943
220008
704344
891622
440965
984847
589281
374148
325155
699749
260720
61157
217212
45605
600364
832233
406786
703995
942485
573675
815497
714452
820498
168395
398132
754406
974441
649382
522908
73313
18893
6339
113368
824491
975396
398132
475289
753459
185807
787097
69476
915881
318856
6976
365746
Not Found
530553
Not Found
89786
920072
329555
818082
412657
604726
457943
49373
5834
151825
545803
702998
91675
937895
668938
975484
42054
147238
5607
292459
806360
462898
746113
736015
677787
763166
734687
630230
230886
809221
Not Found
38117
224295
550654
139660
627934
233017
603709
96410
940634
788035
638312
783790
479440
580144
482279
15918
981765
762521
81853
19684
992009
359701
557090
Not Found
657825
434126
383022
170149
391764
586461
Not Found
271915
796530
455454
256341
246381
831943
685053
82681
551178
512855
458988
778598
451013
670985
962992
402940
751483
224026
169185
834838
543595
790888
982498
882725
Not Found
822288
39241
357127
548225
643369
629268
808014
765410
553640
481155
467052
458528
87537
Not Found
718408
856278
992009
791548
408300
145585
159777
645575
Not Found
622854
169886
805595
850615
953630
761577
135972
235521
943909
505143
177527
291623
958048
592238
996659
259180
933284
917336
284641
711117
493527
983205
Not Found
523908
404514
286582
822318
378842
601131
305905
417135
535828
Not Found
31404
793357
605498
297277
454653
40912
258180
868798
23620
Not Found
401072
Not Found
Not Found
590177
940545
792855
655106
405329
453162
145101
989370
945391
287790
213195
Not Found
622452
6354
147238
643212
775973
29825
232659
762444
973092
978050
844621
775891
Not Found
937836
745477
937836
Not Found
929397
749632
833413
438085
480803
935849
400465
727528
921334
169822
556520
78456
809708
282930
289976
Not Found
534888
476337
123165
671329
416367
548934
69327
589094
371468
Not Found
447504
537378
313314
368954
916569
604614
128548
942227
567101
414693
918842
731449
587943
Not Found
333868
826865
Not Found
231983
357024
49505
597020
38415
Not Found
430075
649967
836242
171285
227354
819368
270555
940915
688945
911292
63077
739309
249984
629844
597273
977898
409304
179685
934496
341082
584851
845355
272674
Not Found
516543
464012
239458
Not Found
20534
970886
175932
244476
585007
Not Found
430369
960425
211161
253731
408473
291623
445651
609493
574187
710579
772846
990282
968871
Not Found
394842
581083
89730
457479
236132
623573
908124
484058
767308
489184
Not Found
301457
888342
372248
695761
853647
196524
606725
217683
963132
952000
Not Found
467621
886696
930334
865269
333868
557367
871511
591208
Not Found
990282
420592
958749
123266
657825
Not Found
528915
357647
597716
707633
75521
497790
357430
887376
633314
889658
596149
759624
756330
877023
329063
14357
272522
15931
307671
89366
405370
14619
356809
984702
570691
Not Found
849858
328607
821476
514952
Not Found
Not Found
Not Found
162155
140353
191117
922231
997735
417298
377766
237070
319150
Not Found
388500
490369
499828
35705
183109
586142
922183
403694
615844
188600
868798
326188
400834
216076
Not Found
764451
255692
913461
930972
450604
15204
475089
812667
690794
932195
990724
258180
826759
Not Found
770720
591196
Not Found
203613
50856
176784
599716
566978
104150
194246
40448
277989
681944
739638
Not Found
450673
951378
571867
789241
62472
489422
Not Found
54566
834990
508444
483457
812667
337964
949718
452846
883139
911437
719935
71434
581080
92383
599136
826419
818531
524208
284245
366399
756752
264418
957928
887376
349098
979697
586142
989370
651435
358354
Not Found
967783
414892
278076
377944
643698
908084
610598
622854
191606
671773
974637
1389
697337
Not Found
865598
42576
24813
456915
939909
789377
203417
554222
178463
440761
270760
90621
521157
2263
14268
209848
687120
736569
55473
428606
914367
879505
48328
477230
447400
702746
Not Found
121340
668147
Not Found
514018
206456
884601
129770
86632
410902
69312
811444
746182
645349
247153
790888
390884
816136
129627
584764
689773
Not Found
15204
456585
412657
943680
63867
833200
400221
134399
250480
499494
398022
282607
790229
466241
882239
250480
Not Found
528384
695838
762165
44156
681322
735777
40819
805905
820062
791548
54273
215046
32628
928881
737812
667059
449080
343017
270017
522720
560992
Not Found
493
644724
729579
344654
630329
575595
81063
80668
923309
221422
262639
512119
322150
692398
577389
795101
574131
200189
Not Found
Not Found
155663
446904
216624
Not Found
703995
747079
369040
200566
747278
886094
866619
Not Found
495264
228397
Not Found
777376
537417
114935
13121
483900
897148
Not Found
224295
Not Found
24871
938088
140420
26884
849310
718916
457943
179036
335906
282054
114568
738741
935849
203417
241137
696865
519394
255822
Not Found
518398
761577
483033
952584
386208
348599
423366
593686
441641
699376
389096
654989
490369
313964
142639
698623
59549
360085
935400
326939
130597
553241
965437
130263
471055
978050
261334
265476
169054
791548
223814
402932
Not Found
754406
913253
Not Found
961180
51223
681466
210783
267221
Not Found
159306
716848
877089
91174
646830
510595
360340
411766
342312
607502
916153
478120
120369
21353
102679
30074
Not Found
136671
78456
699448
820415
943680
101889
815497
71664
871590
452192
Not Found
119412
200919
Not Found
513352
530265
233295
342511
539490
799526
122755
943217
185833
460143
Not Found
268756
501222
Not Found
285494
930528
445404
840599
522855
336289
663079
379046
802959
729926
875334
278567
455872
480282
156570
781012
2447
Not Found
876570
848146
113118
813133
37409
Not Found
391227
611187
340202
480801
537417
Not Found
37373
478120
701524
409304
296045
512119
921460
680268
175646
594278
869643
873501
530265
426842
798941
262386
99111
714234
799903
799903
468156
986645
322506
2363
348897
571650
28794
428302
449261
237632
109232
35898
633879
840623
582187
528935
311460
916048
897304
942278
33438
709030
776932
447972
705297
492832
761183
880096
463505
296907
841530
722818
Not Found
480607
608498
177364
741016
728612
377076
372910
556520
117718
340954
733917
63395
844419
920045
438085
507881
724452
66069
317149
178214
Not Found
706581
189956
595807
210707
613402
261334
82897
930799
383022
247282
621228
958942
545697
196019
Not Found
341164
962623
959419
13955
627117
129440
133537
295800
781506
231827
Not Found
361949
799487
631354
198394
816770
516027
609493
235352
309036
Not Found
888234
622854
822695
664752
939265
440701
252370
Not Found
167830
898902
306992
140483
755168
559037
443761
279951
29541
Not Found
420039
152863
701205
750269
Not Found
850098
91014
615833
752736
534512
403841
71433
846332
611753
665017
647275
163186
827545
768385
Not Found
600971
866623
170573
436142
196115
949617
146611
540374
506273
237815
Not Found
930528
963204
51818
179352
965628
Not Found
Not Found
Not Found
341672
923017
586461
421334
370824
923309
661590
827661
249708
106462
417525
115812
699673
356926
885291
139660
333868
553908
327916
158185
883966
564372
686568
565301
513525
749632
986967
996008
788439
608683
259052
866008
586653
411766
884106
654461
1389
212502
630529
10675
962742
442562
323138
422769
995664
204362
703941
Not Found
590932
284675
541934
543647
Not Found
895672
622405
655197
181741
437719
40448
6583
969785
Not Found
722818
736387
297421
141092
462507
167864
75143
799813
Not Found
282157
439529
926747
218410
711117
798255
132976
170587
543647
699749
160516
486340
450793
999822
42974
730793
983079
566085
573205
165471
969651
Not Found
754406
534233
566854
324651
353104
703990
302437
930799
Not Found
631934
45642
548084
617336
758387
831846
486546
176382
560877
Not Found
850366
32750
198980
209321
187033
Not Found
432570
144289
219838
751781
765803
487160
945460
726875
503575
70682
680321
702993
979948
742846
990657
596339
Not Found
Not Found
876498
718851
515443
338889
243876
470707
297199
963321
394508
172948
964347
540362
265476
803682
452842
357325
491212
486840
932905
508444
Not Found
160445
547548
423689
945295
872121
777153
222691
134399
585658
385172
775973
Not Found
658187
716848
21370
490033
837948
135295
677365
861936
882509
793173
547162
279389
600738
926136
106475
943014
799813
799487
832356
253326
439638
423175
Not Found
210704
63934
176662
Not Found
941463
217260
226061
504577
372187
93983
199803
650373
663079
937346
731784
74266
191606
577299
860714
276051
197739
943680
Not Found
91174
743814
128131
Not Found
267722
339912
176172
Not Found
354567
474408
533552
416367
633116
984189
937419
153182
468608
379547
639551
77385
975263
76647
768385
995664
208710
558428
332691
231959
705319
625864
476337
Not Found
535805
629721
105897
805139
507019
234570
731238
281741
548266
850875
279389
934249
462902
634243
368546
85912
139489
684870
639699
947130
232012
540834
64600
776443
618372
523950
263549
147845
888303
400221
192675
799363
358028
208710
111675
579800
323225
Not Found
83910
515231
Not Found
470599
197110
800551
591559
329940
551764
Not Found
741649
377218
295599
753857
561156
106577
Not Found
95207
889586
319385
640574
946651
231068
673714
249984
80360
882620
685913
894401
31404
746313
627117
554185
168395
774937
920503
85215
503531
89509
863476
832997
663079
539217
214779
Not Found
443440
123769
412358
543535
339912
916399
574198
927199
836381
342455
443226
Not Found
832233
229270
226439
333868
915994
440924
391863
Not Found
373890
501697
Not Found
632987
930173
657193
423175
556798
841394
782245
45085
Not Found
564920
Not Found
Not Found
Not Found
439629
506214
765704
Not Found
613654
66069
384925
785077
230561
612381
Not Found
Not Found
341960
686885
738829
669436
654989
307875
112731
Not Found
831846
13639
657836
837877
432434
679036
69001
734750
902389
25466
275427
480801
752394
93404
979418
335618
205202
546406
904685
439053
621728
859056
233579
923309
655404
160467
626801
894567
621694
351112
Not Found
884308
493517
254095
9152
297798
726209
769078
224822
832435
395740
980406
319781
290503
312517
805589
322254
462507
258359
618166
639699
858005
Not Found
276295
388500
614228
351116
963770
471447
947273
710535
54208
458923
610124
39551
27597
253613
359079
874441
Not Found
844534
650373
658951
516756
232828
584096
644724
216082
714937
332574
Not Found
321782
Not Found
542089
344432
288709
871540
553899
Not Found
174425
786332
262113
463291
407044
Not Found
113837
746113
678916
576673
352387
Not Found
202303
398395
527855
Not Found
177959
15294
Not Found
983646
661932
198064
388578
895326
832402
26638
859056
Not Found
382697
480282
456585
385055
699368
560310
463901
515330
615868
500029
656990
956498
222266
135972
24926
480768
662117
933632
650373
846664
Not Found
777965
210685
211161
32012
Not Found
167385
341728
775018
460143
139660
640536
449261
820062
784616
185295
945391
582253
921390
127844
Not Found
101676
504335
752437
Not Found
914899
Not Found
188946
886875
864193
Not Found
640317
878302
Not Found
844822
836845
183928
377076
980702
125702
732440
847652
247706
643113
929547
284685
869308
768818
195439
469230
413120
496508
587451
982595
170390
Not Found
726707
68162
332574
207755
Not Found
242582
618733
86206
385172
Not Found
60389
690334
301893
927514
672936
499705
471688
906853
Not Found
Not Found
603367
357014
173861
656203
743557
894938
908525
268089
Not Found
541399
237108
470959
529324
845546
Not Found
707657
839247
940108
420802
892789
935849
690740
908624
901825
492595
Not Found
Not Found
274232
427458
314133
302854
868409
804256
934249
969105
141960
881558
680078
197551
534036
495750
744744
262113
946680
Not Found
949627
223943
235352
346028
104855
175932
890328
621694
204165
45085
935747
769760
935547
Not Found
307126
930624
10675
Not Found
957902
929825
23578
655404
645714
789638
704942
349868
282607
Not Found
613788
69476
464721
368334
741625
897249
235643
Not Found
256799
914738
198524
199123
425044
396756
181076
54273
577509
462612
926077
26786
801303
91767
306992
816338
86960
95842
925357
369366
Not Found
999204
707513
106112
499882
141092
292330
843421
843480
350695
168395
641291
790451
723444
772322
776441
151230
943014
241536
441481
835109
198129
763265
160640
Not Found
846712
327103
160228
Not Found
48531
Not Found
360518
236116
143586
141709
961675
890219
741694
855367
890328
688353
329940
606699
148794
973291
861383
8178
500713
714988
615874
40190
Not Found
635458
97695
308652
785450
651254
Not Found
Not Found
100038
970732
730649
486692
868967
439387
26571
526694
301828
915881
Not Found
172668
Not Found
Not Found
421696
793470
924172
Not Found
526570
Not Found
411781
776443
809123
79500
107498
70870
296481
436940
Not Found
652421
213164
646149
529587
666662
Not Found
Not Found
799034
Not Found
154838
452504
495034
947351
822498
Not Found
604964
811735
632499
Not Found
634160
456125
75648
593518
301265
Not Found
650373
660800
270774
839469
Not Found
14237
578170
718938
194799
478859
911094
417859
608683
711030
Not Found
581048
152863
481499
693064
411883
957928
Not Found
28027
603053
484251
528406
466241
439053
153401
503602
553985
902635
898819
486340
481172
530958
588850
482388
744190
669260
939265
780749
247500
579537
709172
54121
Not Found
953229
Not Found
695544
174280
184499
742497
274075
873427
441879
901306
208270
402022
10594
Not Found
924821
524156
Not Found
597576
595779
105897
596843
985201
690498
Not Found
124404
627934
597273
171619
235302
358928
Not Found
895522
684688
Not Found
433348
Not Found
Not Found
175974
954230
535828
927308
255906
Not Found
470121
476870
413201
395449
524095
720936
754214
203417
511013
395654
319732
530915
671210
247500
804410
836381
272748
629265
782329
369648
73325
234487
824389
758081
982498
982363
608870
932905
979668
578170
311178
472668
733561
903725
56078
512038
751483
794427
Not Found
778759
Not Found
800456
245266
167592
Not Found
654944
225362
657193
282923
Not Found
49151
434700
182337
390884
673794
608114
563047
465831
786693
421562
915504
37490
Not Found
811100
408473
986401
471421
248879
590975
647275
Not Found
969971
Not Found
651793
725821
718099
553058
530265
881922
476142
747019
949440
110824
Not Found
854987
289033
320607
Not Found
6878
653725
372869
988394
671210
671349
Not Found
778967
826865
22708
820498
706041
97230
560310
667059
339843
700081
Not Found
629450
401289
674052
705482
Not Found
802424
Not Found
Not Found
579017
761556
82979
500177
707226
275038
366604
255705
255692
75252
307261
670975
310542
53697
Not Found
668767
371348
965099
409304
191332
Not Found
658303
86632
139321
390959
628856
164592
394096
379547
910291
67770
208412
439830
402524
512533
106112
836330
77629
947115
539490
505518
56322
493549
765159
512038
695399
436370
847652
136142
Not Found
Not Found
507492
150900
Not Found
Not Found
698120
Not Found
Not Found
744698
832997
264418
870362
141960
323820
14258
361796
169883
326103
670373
646287
851950
736038
751674
654944
998020
690071
651609
81233
49151
678161
781948
Not Found
757374
455128
783387
307812
860128
553058
459303
227126
144434
585872
559209
222410
4235
Not Found
454906
410867
435107
821808
979685
613654
827599
827469
434454
369040
670985
305626
717983
500713
577053
216076
329170
404769
289782
532796
586104
503575
488196
653820
131359
318423
460400
319385
69318
Not Found
13121
753857
658187
244449
437393
114405
754847
390904
752736
259756
94466
134815
768729
718408
841829
307436
755441
874165
Not Found
503423
711117
Not Found
503437
114559
755664
459414
479518
562604
103813
Not Found
503857
640574
167275
59274
47442
429120
56078
Not Found
931205
23000
999714
304137
742186
Not Found
607502
Not Found
907693
8844
Not Found
198736
807610
738380
585978
Not Found
106892
Not Found
8897
789638
959844
Not Found
136129
668888
Not Found
676096
70576
736045
442058
Not Found
669129
722940
55640
710623
728612
Not Found
605279
99111
133802
741824
Not Found
76590
871615
141709
879549
117235
Not Found
Not Found
831846
890126
52323
396568
311460
225299
927199
517038
471602
784952
455128
135472
534657
310858
382349
Not Found
14258
927787
361598
860128
831156
842952
875048
406819
187033
260011
5346
994140
Not Found
263112
676096
969171
29825
86513
Not Found
455313
253570
442058
637058
235157
634913
937438
644926
848437
979418
990531
196604
74664
740421
684146
913701
117235
783790
307261
413820
63934
94222
Not Found
Not Found
138566
366320
645024
817866
825984
Not Found
44332
573659
227736
Not Found
Not Found
40937
Not Found
440695
140544
Not Found
Not Found
391697
24609
832844
179685
382740
Not Found
578099
Not Found
Not Found
890126
300132
269058
961675
Not Found
551284
575595
Not Found
984573
927330
Not Found
728612
325155
555020
493456
71139
915504
733217
451820
746113
631616
855640
141076
282157
Not Found
165145
44152
350553
651793
64788
931515
839698
Not Found
185961
253577
612522
465331
119214
30463
294244
141004
24813
996659
470707
555387
681797
Not Found
151161
661407
202832
19092
812824
280284
455454
675370
149848
37835
310383
81853
121958
47294
66130
667799
237866
Not Found
877257
555390
919554
26436
778592
694756
799487
507492
817433
81510
939265
69270
43889
464721
253570
304949
631325
259977
Not Found
272431
774966
347762
141092
Not Found
865550
Not Found
Not Found
579304
Not Found
252370
650749
29825
282395
795173
828817
46791
789638
804323
Not Found
158307
Not Found
401289
Not Found
305081
794427
323381
974320
Not Found
Not Found
281635
883787
Not Found
77431
622498
194226
902366
Not Found
146232
609027
354567
Not Found
888881
611187
32184
381952
270291
596149
330394
797637
179050
895326
940108
371348
994096
534638
325117
833777
153866
654857
753547
487687
926375
Not Found
730344
456383
678462
788294
979685
831343
838709
278740
Not Found
490430
Not Found
Not Found
274039
918803
68473
167592
669129
700201
274791
360178
225470
815671
986998
Not Found
57998
Not Found
600911
662117
754886
213917
690434
110807
478557
689660
424272
Not Found
376258
490943
313368
607641
585771
684870
987377
987067
Not Found
528852
Not Found
801459
152801
537238
403166
862603
746313
Not Found
32012
335194
618166
471645
833561
Not Found
753835
78251
696087
870348
697337
309098
9767
Not Found
627033
333504
Not Found
245971
980406
246065
826024
338839
Not Found
845947
762834
619220
659392
509185
607033
42914
725047
273652
735360
313175
328562
478785
675390
681466
492710
940437
653207
93948
819703
271628
358928
197768
913614
129627
125628
225224
Not Found
790888
557149
140583
847652
144461
526694
Not Found
999714
902364
256076
251423
351504
209322
397427
173675
765410
856008
Not Found
Not Found
926578
Not Found
874200
683237
959560
409304
597994
Not Found
274668
787922
949090
441430
150384
Not Found
Not Found
834012
407044
Not Found
230687
748951
714211
356084
901194
455128
201520
77431
547548
766572
937548
913253
472633
Not Found
41761
Not Found
Not Found
892062
226542
746221
550375
751278
280284
573218
21126
707184
97708
724332
300856
542447
371348
250572
Not Found
Not Found
967775
139402
402427
978050
454131
918842
Not Found
Not Found
247282
Not Found
679666
402932
94799
533630
182646
Not Found
841857
789241
323654
541539
148911
256389
728284
786041
949440
440303
175932
811100
Not Found
Not Found
913766
980730
914098
816338
544263
386124
229984
777258
745448
216624
323643
759777
999278
403747
188483
452313
645775
420367
358772
842543
34655
259180
693751
266896
954519
134399
106112
420330
335899
Not Found
Not Found
348555
Not Found
326939
554222
75485
641204
389932
378779
725175
951811
688252
957339
164099
Not Found
Not Found
920503
295219
618059
949368
94679
846721
118704
Not Found
421696
902389
651793
341261
268089
Not Found
442487
651793
360137
888332
709915
873444
90621
498361
675390
247019
112554
400725
214639
Not Found
843421
905146
622529
398132
113837
944312
Not Found
982363
958048
154006
311809
490269
803905
993489
625370
817541
452602
911091
209759
106030
905232
Not Found
652267
444922
268756
175160
325417
278441
176385
552589
530958
91330
54519
826968
179352
699054
Not Found
12151
Not Found
303325
53697
744698
842181
Not Found
486692
Not Found
753259
930195
832997
201686
523950
Not Found
896531
178463
798456
36471
774501
45052
971343
717950
Not Found
924821
588911
188549
597293
945391
Not Found
728766
430369
490467
95521
Not Found
545484
74516
724449
924779
963330
637541
147468
917269
175384
623836
371198
358379
94389
848739
742846
79547
424105
Not Found
Not Found
Not Found
557809
875057
691927
32012
528384
760167
468156
Not Found
401427
968844
613544
739123
786896
Not Found
490558
551178
938790
858855
169300
304152
Not Found
932803
199641
613788
269094
539217
216076
537164
599716
737310
748914
597705
210204
534728
869653
318424
532263
466801
377846
302854
980406
162298
311147
623573
125628
51998
27913
900125
666308
Not Found
609558
908569
Not Found
930624
387547
Not Found
253731
Not Found
135699
371695
809505
76590
847496
286608
424605
619112
799487
274783
831561
Not Found
41085
916278
993771
Not Found
Not Found
621225
862214
251343
Not Found
384250
980483
564402
816805
296481
405651
159043
458337
302341
502130
688367
Not Found
Not Found
631325
546264
530553
253577
789433
651435
253326
467052
Not Found
842728
914899
745873
Not Found
265623
783820
352308
876570
Not Found
Not Found
436082
Not Found
Not Found
5671
910085
629830
Not Found
533302
916234
741016
228266
814238
Not Found
898317
620486
28104
619125
601283
801448
942916
259566
105100
Not Found
397597
226230
804758
747079
274786
533552
696604
580418
357647
167522
856473
987818
400834
68895
710623
864279
139402
46791
Not Found
512855
511013
341100
Not Found
811400
490430
Not Found
776441
40476
632987
247267
696644
751558
576355
498354
947130
911774
94466
344883
215047
215047
498416
979916
375402
828770
575233
Not Found
40415
918803
Not Found
262281
136142
258882
364669
510504
636501
348555
611696
Not Found
751761
574674
56078
269738
483969
557878
340201
591559
760774
744519
799393
646391
265476
461604
162717
375136
416934
628356
278740
576673
304949
463033
198524
Not Found
200010
599790
691637
343623
418946
501241
996659
900998
884364
869954
329612
186174
852652
884468
469119
809260
361949
978297
791548
437719
118102
357996
317550
524708
382740
152824
59549
739309
77397
877055
45867
577078
135972
372172
816325
Not Found
646517
128914
42022
65498
106770
Not Found
94222
567591
241979
380936
179685
350688
800631
432474
62951
82010
949795
Not Found
804333
936702
630939
553899
101889
72633
689508
980181
Not Found
479564
182986
804323
Not Found
827266
841278
368941
Not Found
324217
920130
587110
391764
64911
531217
253731
835035
113997
982498
883371
308073
117192
252122
Not Found
195008
671773
610124
213440
37585
513468
47844
181036
73735
927873
131412
498054
734608
836684
Not Found
912975
901194
813556
142671
746693
465485
439557
863476
Not Found
472373
333237
207416
403166
947405
793470
576355
115629
994087
678161
405843
205419
Not Found
738829
Not Found
778512
463901
957855
630336
430613
466801
858005
485803
64150
12151
421652
709915
456701
22994
615346
Not Found
970092
855187
822695
637541
538083
209724
Not Found
434879
119214
Not Found
698250
661407
Not Found
638229
738161
494549
Not Found
746221
21144
437727
29454
637189
2263
706705
Not Found
815252
959844
166685
39502
182235
Not Found
Not Found
530553
817374
940627
447504
127270
999714
376897
2878
729624
963770
700983
940873
862148
319696
660318
83799
398646
8229
95521
648526
716363
302266
471711
281143
Not Found
780406
222839
328683
18170
406819
424293
947295
50789
752655
584482
771490
48280
196673
541090
365322
324896
256341
895792
107498
917527
423317
Not Found
966696
Not Found
610026
943991
510897
260535
956813
Not Found
Not Found
203417
Not Found
295013
22994
926223
23574
568579
385741
Not Found
851323
156570
182235
414351
649654
Not Found
696989
602278
382178
454131
471688
709551
70682
675787
Not Found
957850
Not Found
440701
92383
364263
171170
309236
74195
Not Found
682613
45961
747317
Not Found
607719
966641
562650
119921
Not Found
691247
121923
758387
496171
27411
375993
Not Found
158185
147621
839357
256045
910844
777376
622075
792230
899729
658324
327738
123017
Not Found
248574
483900
402112
261932
70330
853602
Not Found
520849
848838
662117
198129
749632
373177
993276
748914
433262
200824
792230
Not Found
190015
906853
95207
765410
564284
389236
208270
875808
230026
343424
Not Found
218649
581083
34436
Not Found
764451
723282
146240
778245
Not Found
673714
Not Found
223584
84292
536534
772846
204947
Not Found
121533
394569
Not Found
214911
641536
433262
953864
215046
Not Found
339843
165904
576920
492832
639347
969906
733894
623736
Not Found
680707
682671
405042
488701
422382
282923
555749
114715
680037
968225
342455
524208
121620
436884
185295
614656
Not Found
880272
Not Found
Not Found
Not Found
90261
36054
219838
356809
599315
999432
280785
Not Found
14357
886875
134399
211441
Not Found
172392
849059
359905
845945
Not Found
113837
228760
199991
Not Found
905586
813671
20534
481748
Not Found
678528
965651
529968
846664
198534
276923
223275
29546
117877
945178
836034
478751
566917
554529
768982
47009
509506
505405
488277
9152
224822
993385
984342
416367
465331
234756
616022
444199
778759
923842
665363
455240
586104
Not Found
33521
Not Found
753216
272957
49560
695544
993385
830293
994802
52404
708027
679988
99705
588426
914849
855794
654099
577928
Not Found
976563
742846
252681
45867
620433
59549
Not Found
723282
Not Found
274668
604964
933235
700983
694148
692929
228792
Not Found
Not Found
597994
Not Found
738668
786896
748033
613402
202615
500221
112543
Not Found
454522
293942
299964
Not Found
556798
Not Found
407945
657739
378842
195072
362250
662940
48328
193192
198794
181756
65127
93404
692770
456307
917900
359161
298281
280701
949787
603518
Not Found
298930
914899
Not Found
400465
873543
798906
628632
469881
397406
926375
513986
210018
908525
59274
674211
480768
908124
584851
878302
Not Found
513986
Not Found
325780
529969
895911
564211
29717
467156
773281
486340
254784
670728
577928
424105
Not Found
519177
494192
530093
372869
469263
426075
Not Found
573205
Not Found
123266
197551
Not Found
674913
7277
713960
842545
198736
312660
69318
151825
507492
841857
812990
947277
Not Found
653331
337412
850100
7277
754552
370824
267790
537342
169883
106239
272052
254202
Not Found
437885
194368
457442
27882
695544
556798
275828
583235
213164
228778
Not Found
972547
106815
643044
145086
574147
799570
756576
373907
81853
581504
812711
982098
821823
112848
Not Found
275492
Not Found
371827
491528
132097
72397
437885
449411
452009
496024
287472
943804
753259
952701
Not Found
914755
Not Found
128548
Not Found
428667
598994
577502
Not Found
Not Found
79629
698525
Not Found
602458
Not Found
Not Found
223814
957163
606699
232160
Not Found
943517
Not Found
277325
969924
126186
Not Found
220156
146117
882332
782329
Not Found
93983
Not Found
293586
803963
177700
Not Found
873249
483969
Not Found
Not Found
259290
284596
42974
85215
Not Found
684688
463546
504680
500323
24609
326188
244860
292895
512931
327407
988933
803337
600364
833554
588152
27228
Not Found
Not Found
489184
441879
290503
333196
Not Found
125468
738794
559848
639331
553058
743204
253613
58703
160721
875585
353566
418867
821074
536906
276806
587730
576421
956527
820310
724452
610781
303325
13210
292895
645775
394340
417859
Not Found
534205
236647
629676
493549
674149
754958
732010
737310
Not Found
88087
682708
230126
877055
353900
971305
515774
41610
159575
407945
Not Found
904025
309795
895575
956467
Not Found
587207
Not Found
965628
390216
Not Found
Not Found
392043
861165
728739
233579
413696
561723
523229
928412
569788
881558
713448
972312
801459
585390
Not Found
261932
410964
510595
922183
Not Found
Not Found
190015
Not Found
611521
850693
370300
794025
911091
Not Found
337412
54121
289033
893432
160171
582187
713688
34599
Not Found
788728
427506
148794
493549
870244
224822
702993
908629
82807
693347
720027
93202
189830
Not Found
Not Found
503295
363974
716848
476887
1203
Not Found
359905
798456
75336
362920
59670
495323
290503
323654
580993
Not Found
577509
640445
532141
332691
299964
562650
400628
933235
126300
823166
856486
334326
317935
39649
401400
Not Found
359699
Not Found
Not Found
734459
543535
710535
594390
714452
Not Found
534658
864063
473144
292459
217913
103631
Not Found
934496
700484
114559
381952
304316
499828
6878
919841
960320
286458
940873
Not Found
259566
Not Found
Not Found
149537
978521
85912
Not Found
213440
471293
372684
292126
466801
Not Found
730793
677365
794677
152989
Not Found
638579
273652
217597
868118
Not Found
420144
463745
272643
110647
807841
Not Found
Not Found
938298
189186
63336
822508
93111
4235
711177
565051
Not Found
29040
943680
Not Found
Not Found
Not Found
20805
815497
492327
140325
21979
933360
269084
511997
160197
180227
114568
Not Found
291792
534036
329088
359167
58541
252584
365451
87396
Not Found
143961
811496
Not Found
907693
910713
789915
314763
400909
571023
393241
33654
402427
186054
37373
485803
663323
371126
19092
332890
133537
Not Found
700749
175486
749777
716848
369040
630939
917019
233507
289593
923658
610365
914277
850615
212906
541934
861358
Not Found
971746
329541
674913
594203
Not Found
422109
650579
80491
229270
530779
980851
296065
489422
348275
775973
Not Found
901194
Not Found
Not Found
228397
792855
955074
Not Found
493456
166793
792855
158395
392815
775394
665748
172390
53848
478785
113368
148866
213094
614067
691927
Not Found
845546
556670
82979
597705
Not Found
233446
Not Found
427458
167522
657739
400725
225218
927622
Not Found
697337
Not Found
506330
225636
513986
413523
943801
108526
409618
874654
183109
435889
917854
931913
575386
784746
Not Found
Not Found
Not Found
143831
665363
339285
833554
148829
227428
182034
106977
655700
651958
854881
733580
679149
337792
490558
Not Found
576421
441666
326939
662568
67069
760383
818724
356809
781391
Not Found
578976
318424
865269
Not Found
544263
564353
Not Found
229270
607311
884320
544349
Not Found
621034
Not Found
314763
853208
480801
Not Found
547651
6878
527360
703131
Not Found
929511
154303
Not Found
Not Found
552387
184541
Not Found
91174
864576
853647
421841
703170
90380
852419
46655
632499
581041
402940
929511
319781
81359
985140
277325
367759
Not Found
125115
794892
778598
Not Found
Not Found
810923
Not Found
501489
249050
681148
Not Found
841360
878106
561156
926963
Not Found
632914
751143
93268
337792
503974
237006
999432
818082
Not Found
389882
59407
204535
629676
339134
711231
240789
827661
204535
968844
348599
612385
256317
130205
455454
704344
553640
185961
799393
658189
532796
712417
790988
Not Found
809260
518838
160907
903725
515183
722559
28888
156776
409987
829903
123297
194368
258891
Not Found
617303
520778
142296
880113
883139
515372
255705
914098
858325
445018
676096
3571
430884
965186
463745
72397
476142
439780
Not Found
727576
916048
628772
548225
781642
819323
632825
279389
565223
438761
809189
611187
420018
Not Found
244476
768982
959803
296600
68978
675390
126311
432434
429327
217100
462078
218056
598141
248574
Not Found
46655
Not Found
358946
164099
269927
Not Found
239846
304544
509765
913766
Not Found
471079
433465
Not Found
831156
231068
541264
530084
852652
757937
847652
438861
Not Found
Not Found
295723
492595
256341
754406
556872
754847
697867
Not Found
744129
856810
401400
505397
662573
707226
803121
482869
396862
589094
794427
945347
200010
888881
224514
373890
47118
528915
177041
322122
Not Found
394168
436082
189429
768818
42891
757003
132916
122024
Not Found
781919
684586
986009
159181
498598
40302
893509
176141
499705
820271
856473
Not Found
755664
272674
400440
Not Found
666662
199991
152000
895733
897148
348037
748416
592499
696135
922043
504244
438148
Not Found
146117
982088
530491
990719
581504
734459
327738
478751
81875
Not Found
269427
850100
210685
806402
Not Found
153853
745718
809221
443226
844563
277262
429564
122751
Not Found
216725
625316
166449
9243
Not Found
308831
Not Found
177553
Not Found
452451
Not Found
466417
999838
103631
209848
689224
396722
Not Found
164592
171815
890101
855794
Not Found
366320
196141
Not Found
628356
271628
505251
Not Found
505397
Not Found
464649
93922
535927
433348
10744
446365
138165
357394
41400
23342
Not Found
568307
439971
Not Found
Not Found
205877
846765
17924
252122
Not Found
318981
Not Found
118102
362920
651254
363854
758081
Not Found
777258
568269
753835
106745
707626
607794
928500
593912
633149
159492
628053
64820
77661
333508
370029
63336
739804
953199
719248
621228
324976
35457
362202
Not Found
969105
181329
467059
981570
411883
259673
568666
280713
63093
Not Found
401230
530451
Not Found
59387
397630
231959
685829
641204
448554
Not Found
Not Found
65689
809856
314140
50883
310383
Not Found
544745
426815
597920
152917
145585
841745
804598
452602
Not Found
36455
175638
417135
Not Found
199741
Not Found
273349
617860
463036
Not Found
95207
Not Found
815914
596843
825616
365970
Not Found
511013
442366
546406
557880
823166
216076
904355
194226
515571
609336
281341
Not Found
170810
Not Found
387318
200947
Not Found
