10000
724991
555654
399303
681891
275268
545887
46403
167618
47953
705295
759321
61384
561404
850735
542476
381156
511270
244244
952160
530557
193997
16923
296282
344757
423999
643912
863158
601563
165180
209705
734047
491477
560376
672243
694560
739964
795597
678014
457780
468819
72824
97805
818028
393250
184371
207218
226520
680088
467120
299432
104188
599294
345340
24369
300079
717605
122271
341591
31130
956213
370500
650272
894830
900269
231748
72686
788154
752074
949288
452968
785983
654976
502335
364907
764112
265319
903
247984
278655
774035
380659
362693
35054
818660
891211
750062
442201
585449
434309
994354
787828
333033
207968
684464
245623
513379
337925
311448
507192
873673
401737
591949
61478
821179
160459
694209
591558
253371
640965
802501
429039
545575
224657
656295
503483
646604
670057
298215
448657
227323
934927
590108
981480
842363
781316
25385
993449
493672
944335
466308
196288
902095
384171
114233
836056
991000
295793
330172
424589
416070
366456
448964
528768
94364
125308
953627
222642
220646
572385
988697
709139
212129
560806
798558
747541
224004
172437
990254
648309
690661
194348
611566
532715
540155
683443
29893
508549
430219
817028
87455
959759
194918
500781
833401
302495
439060
201055
430185
915542
355222
531896
24271
659842
142506
199621
557791
57773
807928
970586
740349
198096
802629
779091
649274
235859
326322
422317
324553
837788
75382
213373
713141
418587
378757
195103
694958
847571
825055
763106
837647
511531
766720
547266
48711
74685
422464
789971
108261
689379
146787
638828
310386
372037
629413
642475
134108
663733
604206
24806
112406
293363
420254
703181
840948
48237
309747
345833
722520
788278
853013
851697
101112
920653
242782
874589
561304
922763
800343
59130
51209
145379
343489
13793
725434
934295
749177
598272
817775
588313
980737
448449
663558
72656
29861
105193
271857
991082
258136
197708
839651
78369
434347
471822
711918
345383
39389
783753
197750
683201
504547
341386
555318
424455
853696
313376
270518
798527
101090
473340
846837
538369
128909
105527
694884
70622
93475
8540
744477
494952
571511
807872
232778
63248
909453
663229
355312
675222
556425
327232
85829
483444
809863
860802
957685
185217
680434
403930
632193
763433
3767
330641
660965
359653
302964
501403
601092
600802
509536
998000
333710
29122
209011
960061
416583
415555
182861
812133
268412
93920
375024
992874
612874
419776
571633
105984
633699
952193
600863
232971
668453
470500
911074
244196
487124
783567
966143
354616
370118
701428
224874
879800
491575
250339
776951
142588
648188
329422
928426
771453
428086
794050
331462
489599
955763
676036
31144
71914
904181
647862
321916
642889
436243
45720
62282
296571
372194
400950
755640
437940
597929
408393
702517
184497
835265
804184
139163
127287
935737
940076
22884
4741
843621
131438
328945
827016
716060
105003
748421
541628
638213
257220
309238
869134
106570
759347
78562
40885
718836
37796
258055
7359
132926
909044
918215
497737
312837
850156
172169
383403
561205
408195
939543
561950
137756
222512
980911
402630
374937
27888
795052
882285
796935
729965
968085
764197
772470
685410
137824
403096
363459
187744
888183
974559
934754
588978
44424
354047
720057
810465
230084
250137
263406
747272
699259
193163
808681
923440
520339
992690
416798
217603
52931
818935
688367
977483
236766
953710
679519
417754
367704
957849
24530
389602
295641
516314
480312
206367
821919
822585
687406
461442
60393
940696
632487
635043
2072
209281
990535
87823
13880
547672
370758
543788
295693
735668
199146
423623
128615
32155
239122
793998
292796
784149
634866
602211
508814
142939
903923
588602
85805
215420
37733
93546
519715
960155
825604
32736
790136
918083
721561
73749
670179
109948
936119
806423
55525
855931
177240
808663
591531
488497
555675
51888
370822
770814
490266
839111
93955
250900
680313
84703
111871
861802
406464
18771
955636
931482
61205
857123
469694
40762
988852
636758
345284
629233
461333
794141
687275
378668
842760
124438
937411
342412
71995
946995
860176
18001
867631
964539
58769
271218
856765
609660
754006
154131
418472
427867
367193
870852
2518
497229
805605
744426
169990
435209
335441
265215
804490
252598
412259
671614
718002
219319
418816
524384
908018
316732
53197
935917
802827
484651
593905
846827
657445
473243
22507
933140
277043
825706
758982
633546
404408
413329
44141
713497
753076
501589
464367
261728
964195
224221
912532
727212
342525
401787
452065
801213
534667
830431
596492
425777
742076
212901
792135
360960
242304
259385
775247
860764
88572
251985
846940
913462
300444
476768
320525
279208
862615
301749
999442
443785
764243
429286
722472
689967
101657
351681
511502
846557
41741
225234
258574
941220
512903
808644
422031
786795
471952
242117
22484
5468
874037
589091
654997
230190
791677
575356
476219
204145
792251
534172
781571
400557
53401
964300
91110
716380
359622
383391
773824
227709
585357
164809
352347
599755
898095
875232
487598
965895
951167
133238
932668
40129
187793
823262
553453
76175
886742
749443
609938
416391
515829
220404
83765
60780
149199
593562
76340
374158
573564
774807
281097
814885
608318
955984
429879
758993
180350
465488
714753
331752
752990
945820
591710
126168
66455
324997
784661
548095
220562
127587
392806
145206
898682
869976
653315
993740
643395
268340
808595
916732
328187
738955
414315
505827
823834
834375
552698
822501
106628
581169
410558
198952
547174
321763
378152
747171
512929
335539
805881
594826
991132
395411
925135
511564
426743
824410
216698
923959
523359
152345
569
124203
418347
989799
333813
402999
46531
901481
532676
36134
54834
313072
916612
551757
999105
857835
636323
62229
990838
827955
153006
165949
29366
687556
996827
37813
616940
839546
620621
489875
644461
168457
878806
368160
799067
710647
943422
667963
460379
567534
595562
25220
988937
262406
288773
261988
649049
730372
177485
913851
810999
928626
501095
759914
468460
451386
449148
792877
374077
563995
356622
112437
256430
533526
974045
926819
588227
88523
484738
83502
692238
533574
527846
612176
930791
81126
518508
293084
585429
241557
306691
377223
540174
500594
830536
494463
118984
696865
903545
65106
1566
638102
372499
811364
306853
33755
737649
24815
909429
335440
142209
295443
890645
424376
817703
661230
668418
855695
779575
998846
236332
216324
476283
768157
799253
642029
449852
719008
962486
167391
181922
632162
677010
891258
187620
543013
955409
914285
33182
333757
818743
290250
462315
641797
701699
237694
670515
733962
906769
804111
548028
34693
139166
451482
664125
37488
793729
267817
369701
680846
235155
955023
337453
769548
346910
854964
953487
398376
871341
297706
151449
534687
179285
201223
228471
136739
833315
885649
329804
931343
745208
571652
192318
824053
336238
115477
489658
432866
1725
250634
32511
210175
28192
69299
783725
34710
303302
260332
609095
591983
755202
949373
390330
430156
532680
138604
100867
980074
477307
3407
82720
822669
160832
914347
200091
231612
730143
716506
595928
545233
376508
726505
65320
639139
272305
836363
197016
257399
774737
160479
194429
962826
605781
77750
375050
846670
339524
745286
796107
980175
543323
456141
508274
614539
434343
290544
683462
69696
965407
7304
803133
608368
943502
580205
254431
357077
409622
54446
75815
233612
960356
655282
810231
965765
905129
148801
859749
399976
627176
575565
56914
712066
778565
417137
435499
880890
691257
588730
293854
793480
560269
456302
215802
739622
352811
757290
280533
908966
235869
946182
976852
99928
395948
169598
275857
921490
421711
256145
750422
996844
343658
29311
739843
232346
780732
679785
38305
942046
501075
156761
107427
613059
972396
199356
414028
342404
983039
414583
826345
214947
341810
881014
707149
847074
967409
501508
598438
636678
16477
326357
64940
704544
556829
803566
798761
22957
945949
553391
276088
377674
920652
834685
510102
122629
340102
989789
634100
485726
846165
606808
824157
301849
82793
455908
288410
602378
229116
760858
941130
814854
848826
202627
15329
190207
493997
539124
459485
120964
728918
417511
926806
742744
489656
444198
903441
744724
580048
267897
152057
973223
287825
996913
386024
322293
211102
132272
792398
326535
894970
229193
546138
583383
437621
237915
342089
268436
756189
409929
415931
257156
504730
281293
813500
579183
411266
539586
814998
599942
6953
391353
565347
11661
957843
980102
186516
33511
659391
988375
955337
214066
924991
840360
909325
541664
794512
781673
625510
714100
247629
989831
447813
125393
854499
612799
714031
209144
96869
411715
6160
438825
402748
193236
46537
644316
117891
728313
173842
221964
178
870881
177981
385935
645883
313749
267381
485419
5777
214740
618697
862833
9555
851349
993908
244442
424429
741000
711702
909966
440938
42332
492642
411153
239111
583437
517653
143453
70121
743310
584467
90821
103077
644012
475109
205068
810397
657072
291503
834162
210471
421127
380223
288037
75734
547078
19101
185451
986073
969661
899793
893582
938481
45934
135232
276951
814048
590179
295363
677320
425917
547652
895002
83548
562566
858609
260642
205253
819198
429107
647636
816485
953194
688660
317586
652359
623082
704873
449466
431863
874334
23447
75369
334099
996240
365350
18321
138265
621204
252777
709257
198645
621500
399480
208291
115703
154520
733953
884203
640809
863963
73376
220698
853800
38566
780693
528065
112867
399209
253236
860042
206478
540793
277156
524836
338145
956828
271084
139515
19430
264165
958609
812166
458148
100175
818877
113027
7484
482139
595169
718958
395775
377540
369666
824447
727840
221923
397195
790629
761818
115783
400078
638754
398982
208555
644222
476522
119653
739561
403821
394767
685325
367167
167132
486919
81305
25997
347864
405298
301998
773702
574071
18921
136991
215747
355195
705179
259909
155744
262847
872344
761717
858240
595797
372779
910096
876719
913059
694244
170475
107215
36858
598894
433797
240160
913653
557149
43550
784951
711632
53495
820565
622248
342207
300026
742835
71057
768692
592812
940942
899134
978181
46318
904377
693783
21705
270442
710196
92246
241886
597791
832218
280767
855152
803400
255609
683395
707874
804578
593687
260965
278343
974014
940450
557295
7589
683411
340287
957070
386814
507886
12061
908918
953699
848539
211857
679131
157264
995091
268462
796404
223825
115858
476697
759552
382456
22287
491424
114453
644701
508861
588848
379462
873842
360180
443293
934707
669103
231231
156198
42016
290925
933172
511861
743824
526969
45825
957030
378282
316194
5880
927750
426605
507505
775358
164971
235062
398030
754598
248563
582807
751109
924053
570272
88068
557150
645953
550888
598106
246747
754800
707191
383968
190800
15113
153341
247599
742905
645294
990341
715996
860014
32392
467212
985647
520315
158383
279366
332728
713621
942234
978466
287765
394191
550900
699125
448375
145198
486394
627619
842722
761546
891793
576160
27431
605066
156745
192204
821255
926626
970927
155404
217595
416422
429365
692384
224680
305897
11194
373698
688191
524644
78649
322151
819595
788412
907232
242528
277123
828818
735696
527632
7836
593201
231938
574008
462016
281418
848204
956921
885050
974673
238207
917111
392505
254523
299835
604930
132036
843053
197735
284104
64770
233120
201796
97126
484431
879130
321706
754321
58522
358764
307351
698732
710882
319713
991551
84720
202045
485649
540585
7040
170927
747655
198763
723196
27172
164698
78359
806614
921568
214210
762850
2145
133122
885088
70570
215077
294651
250483
497413
299756
571992
891813
844237
955945
857459
711629
501790
101556
717921
341325
395126
62692
551838
732248
803207
90189
529164
58255
229485
171911
217061
223606
630018
870116
828160
169134
284195
462119
545002
401637
742725
756113
161642
861273
855667
733445
797186
920788
227755
395096
4938
145069
548029
177778
70985
957845
708744
157818
749452
203940
97426
200744
333553
110971
386833
990903
218062
891534
342395
715759
989815
240478
170686
85297
933741
41609
775679
958484
880239
703245
91874
691548
830120
592380
168746
585896
14448
889824
257376
137977
297063
738636
938292
698327
766575
601956
612073
201090
909291
131061
134314
752951
576037
366600
650601
200516
53111
976639
473692
185715
634368
885504
272685
145280
389185
637057
944708
333967
46507
848590
964938
350555
704267
318544
586761
769959
334751
89291
482963
527535
30518
563340
377686
319239
398228
527934
733288
413920
722036
131866
269427
562630
73641
727966
402845
945104
936446
957645
922103
254678
961067
716202
693807
648263
895290
757345
198307
801599
4601
344904
301420
389865
831156
68351
140747
589943
138347
828874
468972
764349
289970
45332
390726
276577
892850
835477
427841
464840
89204
528609
372574
364470
457402
859427
186833
806990
694527
481433
215606
996932
895844
851782
90455
615387
366167
442315
778901
282366
32834
679030
798273
212824
854695
94405
968620
727814
956450
220855
896219
259269
980239
517479
57426
28147
974342
826281
225902
298120
249714
183603
516567
115504
491013
68979
172601
165971
578889
461036
516000
726576
229066
779311
108314
51918
502661
609068
663290
41303
60931
574240
471235
419077
456367
686439
979062
998577
86036
352157
981273
889827
906751
831265
740124
574689
158432
54577
96048
973975
516015
744559
490692
769803
850029
231034
9483
454347
706682
380641
694160
761171
517606
946454
359396
428845
296405
886842
916542
880177
327662
630577
264776
769731
886888
934617
622054
949992
544241
269666
849579
328105
388269
449434
904297
104086
957175
85456
335939
709762
521912
836579
372872
316331
715722
369806
800861
711286
429211
526645
6685
81819
881746
702164
538815
473216
89010
237397
612719
411699
656078
410094
479418
678774
798454
758490
836151
285351
7585
968287
915795
639831
784003
499392
947309
241515
208949
576678
289342
113349
977224
409287
228500
47624
198507
815189
490119
668163
848601
187196
594999
399297
596672
8668
264132
6515
26560
571083
143146
7498
667323
5011
794060
947916
357082
438571
596527
788733
362899
111918
952122
901091
83293
750095
123586
600796
612984
981055
795333
566057
96787
137200
875200
919217
756039
897835
698626
719548
303805
524710
259940
251004
764017
279969
710086
744470
367007
532891
840308
513012
515949
337214
242478
512846
559110
6379
195766
691975
522147
35485
850676
555459
694330
976243
56812
647338
932807
336392
74019
754273
919498
484883
534389
107751
181508
805122
955896
249867
965285
184864
748070
627562
849459
405219
329544
589311
436497
397010
767406
543775
164349
981098
225831
286823
6132
729565
820243
984136
837433
625885
548848
448723
805743
988936
383198
554767
397960
184145
799535
814908
459009
592574
417953
981658
966066
455068
855444
49316
782229
267041
87315
229328
874026
625419
917146
511932
17506
688111
197570
723550
793665
227607
115115
826649
831527
95476
431850
920469
770982
12141
96988
144933
504590
971221
538843
923112
930348
559725
968275
883391
826446
421260
137470
325509
913075
190038
413561
795162
710178
662644
563975
564528
656687
800377
548210
237771
515362
154276
367626
835149
856919
807116
392862
221336
401366
901117
502441
492369
106251
816795
492866
545469
229950
693766
695883
394629
70454
339635
320375
599060
961304
203435
482175
139225
988550
759239
43291
5998
37158
387169
745031
802197
983543
311505
735508
542013
927094
193261
957605
514047
321211
460276
610699
670448
682390
897251
355768
275610
357633
159583
14032
822657
479748
383100
864756
899861
686786
583175
342764
461695
827593
485280
574747
39026
380710
541873
932909
368573
896800
366363
165174
980228
142713
182150
333379
26984
35495
860686
305858
58974
614673
114015
998081
476592
750614
172790
625531
800453
232774
770074
175504
759829
858378
821242
36580
367157
513768
231540
480112
923083
583791
179219
281595
493919
511331
113226
610107
414187
9924
665425
148349
697758
546458
690319
670135
290002
741979
463249
481598
54296
770217
712469
556930
881513
878437
613359
95873
205256
273120
185255
508977
197183
977182
790882
650305
766
529053
833551
356243
652838
778355
777818
93666
549265
395001
826395
758833
187638
716714
227500
340051
820246
941501
955088
401565
48776
390475
86854
842373
883632
919695
657705
766309
930895
340216
366395
386661
65724
873142
142258
661442
487333
533981
85115
243010
130080
711479
357585
665833
477164
446876
202669
579257
678052
321910
243460
527697
67974
821332
470736
154541
259751
421306
376512
422168
609540
246293
735286
113308
277950
750000
451275
768555
372079
705043
686933
476336
241956
80372
501133
504850
404289
439235
93045
69265
20466
925110
129667
23695
316257
377266
104675
982579
267596
997805
598197
395755
286502
174766
420238
266895
96001
428797
402024
243768
213936
270528
990989
697947
832412
543667
231111
982151
290764
413513
917301
668058
388766
755323
582053
58128
652830
630952
581764
935108
57356
393841
934549
355137
49262
969020
965411
12570
282991
694024
316041
177385
80808
129042
169941
109453
59278
548470
395640
768197
188610
960522
923353
57254
773689
71388
503430
574953
89814
763164
284498
3406
892264
370307
971835
281863
908427
863522
731829
38124
672055
111601
390989
276077
423254
256911
428210
84232
328545
157435
625748
9882
681683
398659
794182
435383
578999
158075
266242
967144
989745
913600
725
287487
968724
178707
884221
161352
578347
495769
29499
871470
510840
611191
496402
982931
835094
936808
410716
197794
185569
6616
597795
668399
760684
65023
611672
431385
998744
415946
137263
497646
328113
324529
175101
634621
931529
463165
358262
221819
812084
941833
256040
578972
415795
749931
426500
41768
198384
9794
404973
766860
318357
898531
361590
828269
439896
630135
659672
983425
720379
13638
934197
585648
618211
104759
843476
131450
132439
378709
699419
763514
63599
55015
15006
813085
954977
895586
555097
833166
988209
591084
393745
606397
248279
3244
836416
309957
706296
463392
656718
430242
619552
500870
839768
380661
304665
176014
726984
740946
800222
955666
27300
569358
630596
3955
825579
415362
792731
136132
282973
460476
4891
802401
451606
223491
803890
921170
961133
113844
39630
911747
68349
826692
276047
493579
995970
663011
139602
249089
525113
359388
684442
709250
287439
753656
940894
708631
25218
870324
530852
860285
867015
560387
21414
114177
314762
424586
786827
161132
956931
917688
612896
423421
710698
455731
690352
317428
872018
563984
719997
472663
668078
66667
31086
45524
175292
402195
138587
459007
635713
123540
747107
883433
351489
28909
641931
138949
915174
797620
466120
966982
355413
978656
711146
375990
868754
189278
973204
267691
552833
912531
830877
53831
806152
208663
727299
946388
61176
93065
879060
635534
1290
880028
930228
331891
960671
710530
844958
53951
132164
439735
954613
458528
827521
820815
53353
970748
313866
61842
31199
243508
670860
816123
751104
683281
649041
775436
25493
168499
818262
592299
962017
442611
446527
36330
447242
502301
782932
150273
704850
450009
956571
990250
975762
867782
664417
181992
539481
418669
678112
980087
767541
243457
800812
600862
743637
375907
792669
714977
557611
595160
559193
397518
434460
601036
787539
237928
579864
621907
907820
402691
789993
384369
177460
383797
714810
506156
272463
405382
236214
335848
103894
611539
87866
580786
972567
679847
278428
377926
679915
223664
773386
701432
633494
785476
629585
926167
211453
933589
287504
327709
530558
538984
104477
781227
711338
211821
767415
46925
20068
786970
953727
899485
767195
497204
380155
831123
865174
236051
836073
270395
54873
32136
911821
739550
427816
97896
272362
579427
863160
126961
934249
186732
877247
285426
472766
260732
587093
382632
888283
947156
681407
213994
75138
542382
902757
214318
660131
152781
340186
250699
543084
373297
837004
629091
394464
74090
137652
62344
114210
667441
790422
853973
799161
504284
477665
985005
299118
667278
630583
894114
388969
133622
288993
255764
317045
936522
837668
590724
829953
325234
882695
844719
701245
350641
324719
389580
245664
756662
235521
454213
484688
209089
213935
508243
411174
867859
660068
508387
740928
725845
620136
779336
154980
916810
97481
975771
794464
937231
501025
52288
278951
238773
149079
333036
122541
955655
690659
641181
820045
268844
961720
16049
945827
764583
398754
391756
769724
649428
894041
325162
74049
275611
564864
643051
474785
818789
672862
709041
304470
98246
839552
413633
636883
44431
78229
63859
683115
949691
256263
149242
20990
200257
319221
861598
415627
843267
482550
897160
836313
166709
343889
66820
86391
307689
125606
590055
424962
873152
732315
884226
210946
435825
500745
845633
307281
251600
275615
710879
367636
704661
991851
672542
117732
193700
796797
30693
838123
733944
832208
675926
108272
307012
278651
262246
69164
172233
294327
510533
906821
294811
298512
744066
824728
991856
90291
312778
111661
98804
670385
69303
844310
316917
86311
583401
48035
729455
236422
515887
984235
750790
175525
789442
199710
710202
765649
125997
21041
297652
786716
133189
791971
214003
852517
638599
237633
943982
452958
249401
138023
555468
255461
62687
640732
932911
757746
294905
445096
610814
238799
683421
155154
438647
360829
293485
680357
951581
46771
245025
890960
147657
760389
231127
467822
52155
124058
732110
362981
403677
891510
771718
62468
24038
253920
829447
479704
309939
452370
994636
899360
143166
298720
818983
78738
418215
436175
542116
945937
640587
384273
861090
479843
136776
228447
368758
178203
183930
419905
171329
258278
468892
812183
225801
126218
474330
885479
374469
22801
813887
159009
411760
210923
846841
631307
645824
124067
100392
674780
210723
741638
311489
536825
508791
229908
327226
21676
758835
367380
896132
140198
404626
689376
233220
380267
165154
645348
265374
711658
258151
613196
363189
357068
416528
244052
239489
370968
164868
698189
940852
358384
615353
218610
756254
301283
94844
553378
302848
692713
798918
447502
125373
746582
43164
902019
826144
954337
600821
801214
682414
275581
283321
745522
315218
165773
403142
284023
258350
352078
750744
252119
905534
51091
895756
412487
987506
871780
33381
373348
571891
462736
185100
19901
326422
777669
175133
686759
752597
103376
622859
742876
720284
397544
748311
134969
342717
327940
377169
487621
752525
813462
844135
8327
270776
761437
660270
20353
151674
166924
221494
252892
415951
608381
445025
13064
910349
125210
843099
867568
277944
40215
166023
835121
511169
250386
820291
813227
600462
62067
33963
759391
934361
215148
534490
924040
228073
267000
57527
744497
620520
817712
530866
709758
568899
209521
879660
579878
369865
624185
877742
233141
28832
16264
118615
171408
788350
212651
652763
483249
726938
340877
178034
936971
715782
968606
625734
215692
734593
773630
509071
108696
966862
132989
760108
357639
309009
609996
651976
551295
140827
993986
754353
453832
957988
858507
205204
280832
804902
824395
546412
568408
913255
375170
758075
449341
479071
181816
169358
238723
895814
627109
580785
305788
354467
950697
828569
272653
730213
307055
606993
419895
716076
835841
270063
45485
204499
783247
613240
170972
735570
384938
673479
822316
338119
441037
918472
547529
978995
552686
490639
931287
303470
480424
836273
917121
805770
652335
992355
915647
153078
308291
250321
738802
271895
994727
922364
974025
673253
691600
138550
597722
427133
939922
273764
299019
244958
14745
979483
240947
561388
530265
710745
742291
475092
926228
558965
557962
806711
438291
386158
23670
860973
159099
308314
608187
184777
869808
159095
795872
78695
764181
278755
656463
369084
682294
348417
419063
777083
82551
527266
471453
861895
123918
986064
687881
674595
218773
323262
38818
486343
963941
976133
76854
993872
354966
882849
749533
167680
798439
309594
734857
971087
937540
828866
503047
246527
182673
366346
492228
451638
914060
673614
595583
53397
27744
913047
379884
232583
211187
326487
409363
697575
828378
884268
973195
167802
670393
583553
715415
692703
32645
22112
6236
762658
348849
448010
694864
866600
725859
843850
603127
102662
402124
88554
355869
893403
903360
833747
202915
643372
718256
309976
753319
936363
960150
694585
340921
385854
516166
893290
255666
293253
218561
584974
756110
973241
352432
887487
8851
617634
153120
564982
142170
269791
425245
46723
949775
872641
499681
106165
718666
730158
911681
725907
990551
922237
688465
154065
470760
5324
103290
609621
941080
254105
972583
212904
988734
593411
337299
380853
243986
295811
416305
854612
695282
506381
527319
819870
404574
174399
55
593245
63548
348771
286971
209439
798942
961713
788175
669581
774227
304712
656127
599323
433388
710883
936856
261255
7137
950308
339650
341418
181350
386543
635809
452982
264790
744287
398630
497970
633685
298166
29334
120001
685799
846932
746409
196745
40538
897285
188469
602737
624314
890529
206987
887667
113705
443917
261606
212215
666932
489206
796554
857452
818295
513440
137709
460024
979554
817672
255404
543565
407524
544854
584104
132887
848921
180729
340748
482567
309271
165808
628537
241708
9089
310984
797423
666307
391087
390429
484583
258932
661761
495331
994196
161552
490258
783152
502248
243239
116944
775831
957829
635666
169652
356813
582115
20443
88111
762737
10024
418479
284354
135431
259195
814292
965598
323210
64965
305049
17675
437908
310311
843666
490477
997082
563396
517137
166248
667057
547590
834286
587824
469321
632724
920111
468936
766541
332723
210374
249314
356406
655722
693165
42463
280118
357923
135947
788253
114889
412342
104081
909371
693229
513534
581647
143765
91912
327949
654162
661652
476818
565038
998027
250737
806973
180620
60709
814382
848438
690247
607117
368138
149851
459
582852
738295
714390
188788
172976
858037
618957
923709
645001
949957
582359
923524
990568
888506
20454
944434
583780
179328
986062
43292
840346
171692
939987
655321
349844
594779
761835
638033
842670
409176
964561
499134
36339
879216
79283
214143
340191
378932
513941
897871
155884
828694
527306
702828
25970
265804
981966
55225
476104
73410
889654
991368
222445
542728
920906
632877
449601
543566
444650
895939
391102
977504
959385
907725
999874
507229
817745
635726
385250
292929
619053
415651
903729
78266
238316
368056
168653
518839
410993
563529
956756
816748
85708
331043
630929
293467
582483
351342
701040
867296
436518
601478
97264
249563
579586
435477
916554
343547
221052
989574
331267
134669
24864
916316
948323
214316
51669
22718
452464
689895
118077
117448
410301
553246
651937
999688
858566
413308
653072
642038
145940
18941
188500
862895
346644
705718
194514
15705
800513
752521
144476
952008
402918
402824
211292
690090
933920
554842
783395
796089
3231
627465
357678
318912
244825
610642
339995
908695
444318
315256
389085
12843
230730
478130
18126
176868
292378
735454
963855
324600
642152
597982
14245
725062
850901
630526
562017
595696
243758
839576
348045
799593
337130
323184
105765
26018
99379
730066
163383
604891
528150
770623
395138
915618
440146
417132
320695
977672
268124
475162
464993
121808
157886
710700
823354
851905
583713
474376
988849
650452
177893
249891
800662
672765
44772
959028
681812
590489
449062
677319
649484
656625
151754
244753
37347
118654
995493
746532
112461
381294
599929
699702
453863
637792
624084
208046
360688
539470
28376
685749
712132
313668
689302
20133
995850
508053
258102
877520
14299
647594
863128
428304
753015
252611
268350
363467
775468
204461
253687
299238
142374
361668
531398
145145
303557
184081
164732
390502
96512
215491
614177
861698
288797
370768
807105
824726
510001
899011
458287
103449
353248
928530
416268
468431
994849
393995
779232
998673
354556
643218
555800
660197
170690
623553
603365
423527
530885
507297
703794
492638
176003
307670
175031
55969
192137
723953
683483
846442
943360
32208
229703
52395
324144
740446
51773
242934
636069
215717
889652
857040
3578
862430
481496
727924
4286
94586
718216
132725
479373
208098
928628
789264
171620
448735
277057
126005
172079
397415
548710
901222
82967
609677
930891
292549
443254
648924
861167
548931
149808
94151
482684
115408
344010
433485
154516
962069
330516
71371
346854
704376
897272
194694
824193
340282
773995
917219
170941
427794
61804
924025
195987
970155
974193
336967
954503
143859
427348
642918
598530
741896
417633
145557
208095
619878
950984
518923
946350
222531
79661
274295
633545
402291
756708
828788
544761
760468
746151
583673
512082
256850
263807
642741
297557
163404
457474
927735
855854
151914
891588
516856
67738
431448
216055
800840
251376
707555
866169
758044
248273
573648
875500
796767
347762
376620
962087
708403
203506
360067
187676
664050
734950
470588
754605
797549
666434
224978
872581
789641
519483
492397
92442
27748
889708
715509
65074
32790
783868
433848
764715
57704
118948
973084
337132
244577
961690
854537
970479
866433
302804
453925
994206
200608
22797
349253
382206
735014
722344
9036
503527
948795
506939
552055
718322
853959
33135
389005
827303
354473
740422
153965
627035
140135
113430
441559
919136
114880
710039
936198
118127
449487
130745
727661
460810
808149
302212
356565
367446
794979
162223
130539
143245
23786
945058
314349
782846
763504
151385
871640
89651
846132
674608
837463
215749
39283
901684
975683
931593
930917
992159
972541
525455
688597
743563
321740
272731
257782
403274
505746
244039
29700
231204
707005
521206
72153
399541
321074
297091
150892
602614
906573
156858
855389
775952
695508
422516
198418
246945
849222
576050
314220
998773
933291
161318
885575
73168
671982
472855
306511
921210
817854
759932
30151
438048
807732
833452
506041
789951
160793
556219
747906
354868
375766
496315
625586
233353
277603
459713
516515
219831
428211
995256
918212
406288
769180
158078
624599
969678
373374
715347
399870
958753
458338
17932
348931
848156
840103
227746
628619
870026
629246
947590
57403
770563
899614
462443
467315
9663
872367
449562
298063
514793
141131
929187
409278
200255
343669
325073
581466
380907
614252
813270
297250
39925
883232
907268
787206
352167
197304
730793
596919
677810
111597
890717
614873
690497
147678
343396
359404
647250
389161
456636
9283
137409
122861
845874
348306
209425
559273
152968
404471
435975
379936
29782
195397
14680
264255
793629
829176
512831
348297
220874
915094
672860
563146
681217
701997
552470
929268
370329
775638
225575
829784
982947
219301
734025
60553
903179
156191
75593
466646
470953
892227
601369
41238
680269
933253
318721
836563
138357
665618
528743
37853
459584
930951
547805
345471
416714
935331
532958
427795
759734
815231
156789
896476
256714
683880
804617
733732
948482
832082
578633
547749
447955
46135
492353
226845
867682
363247
726575
835970
854522
285099
274288
439693
716220
751762
965681
322905
815296
427254
875674
592441
212527
284179
248116
438744
672704
278129
775379
686115
22302
302805
770094
950675
511102
409392
32028
130132
990226
700010
567165
857332
895302
703213
885988
678633
859911
445329
123500
731747
773934
21378
175678
566871
114877
920599
954692
954615
429745
553379
79862
773080
246154
602482
614415
520608
24425
227016
726200
882360
93473
555824
97242
930863
684621
391778
748959
736960
383268
364768
222727
902385
943715
963608
439641
60049
165279
130335
126314
338566
578144
608122
895202
322217
717228
308858
605065
703460
856997
767752
545741
378808
443675
6247
86693
413628
591509
508293
399536
797886
550199
89424
834340
736749
492657
20679
332302
782124
424982
378671
165888
209217
846754
793164
580724
879407
214148
318891
310772
772530
76493
874532
741753
217478
477731
711115
904801
433720
670546
514199
850640
414897
911494
145980
305781
542047
260776
307422
589588
685616
637402
227291
833415
326463
920601
787935
266973
352381
452973
917085
449576
657380
908416
229233
522407
598029
827933
218365
519036
198014
418195
727230
705134
896339
94325
949565
821612
254253
604452
260738
914687
803021
716791
436673
598919
191817
136988
734986
515011
32933
477453
153237
622148
545446
923680
869812
697655
97340
726924
682979
685052
375661
826548
213219
258324
950896
745003
551195
60680
110104
935530
855433
201806
80336
519491
287278
670816
59288
289939
355276
35013
800393
443011
179872
480934
520756
302596
82353
361667
949486
958709
602053
932408
643242
966554
286964
337395
814287
471650
316802
800487
885400
730100
123839
679499
489277
342793
300438
785376
13902
458551
269849
420927
92705
78296
361513
763417
498220
763723
101636
211736
597783
198596
829731
358254
252255
177203
129104
122593
7060
664020
112378
164543
437307
749009
371489
646209
31626
867494
861481
737695
558906
152193
513030
458875
508380
921368
583037
231356
530530
591991
457462
387644
115709
866799
513591
90927
35745
793212
34259
101570
407687
679750
625202
527420
924176
574104
873964
903431
733239
483217
407429
352032
849969
508302
430037
459571
149162
344801
83132
962802
507985
421650
15007
404328
611664
27780
494393
978620
41410
777646
613146
825523
892891
85729
558898
499683
101790
965185
246416
897747
773410
909878
821692
644870
891772
367253
176087
783578
395805
561354
434191
54291
15075
685482
421694
152276
541461
495612
950652
258960
79352
863694
335342
840769
549284
718555
12217
552161
308675
805136
337225
441825
535918
274544
594273
361698
676069
445416
905368
775264
721013
954481
783018
276874
260638
338414
555774
509254
234029
610966
350006
534631
714408
70192
298937
107134
371979
269532
600961
279394
628417
492168
430752
308588
334277
525788
408571
226711
556819
775460
175063
392058
976913
251096
724348
472179
664651
569661
998473
276537
797803
17034
379096
362058
573353
791671
536465
328163
361671
607605
109751
471489
560483
902510
435751
924411
14076
988985
217895
845440
4914
539664
853545
87461
963440
333940
291203
880297
879284
443348
994558
97647
825557
918159
954028
351052
433414
16673
791248
534880
315553
344231
706954
491148
40040
450331
818607
559585
150962
720320
790399
63932
994793
27125
701092
57082
463530
139754
142194
789427
81750
733186
304088
93578
319572
76393
917975
850137
253635
215162
471972
487725
189909
622339
291086
30691
167877
822250
89352
927016
762432
518896
176440
625880
762648
901155
145990
686475
565415
184355
236933
262042
495275
876775
516473
993552
839906
475665
397834
962773
458939
427807
285512
457180
939449
707429
372934
97544
86468
452838
810816
398199
991543
183420
491761
582563
526474
588333
641006
662914
203401
273190
372519
960898
345054
578281
892830
839296
883048
306454
201614
358213
932093
56426
24763
669906
638741
837205
313831
502952
760895
363812
574065
570803
258529
864626
282627
704583
202089
304171
513054
487721
433526
195760
672085
438947
779945
603058
522219
843827
51118
240891
447644
97522
739188
909289
408476
436742
270993
622064
331214
892411
380122
14225
185682
199442
82857
119603
418512
212938
135171
958998
68294
902002
544594
798719
101429
19671
702952
416596
408300
158139
89076
54362
494868
697992
938584
690039
569083
346166
632459
505838
868720
248143
559406
493010
313482
491568
445244
426498
362287
602856
814184
307749
401288
496945
347857
800339
44644
304601
745925
604461
481466
978317
674663
899527
562009
337821
311630
759461
848543
779369
291893
929330
660894
973292
64247
706486
988776
398416
418100
907038
852971
950549
964290
901543
511844
356071
562679
191458
940136
146429
801419
750417
194850
791509
957144
836908
289618
223137
577561
417302
176156
466949
548657
139671
362505
64353
247637
626257
15993
60727
94951
397182
731537
608435
871652
759082
38423
964478
665821
831222
561592
856203
743050
284421
932930
248532
759136
928803
298737
832476
79328
250902
333942
253887
835883
577145
497036
239409
915808
515482
385332
392973
926081
667846
375367
911561
608234
121502
894196
974644
976850
160259
985138
746677
923499
782389
542527
969652
529843
209779
654173
392609
800156
237288
922204
457136
796425
405644
17063
715214
447186
765746
705670
491025
405601
173427
822145
871238
112851
833006
836810
966813
423889
931151
73835
897867
693024
543438
948068
666911
251621
962500
439078
212420
942264
619688
368272
445013
991663
265817
571585
102872
376355
179656
713478
710797
235962
555218
507035
259674
362120
777429
498568
555257
147663
588434
17463
500210
370320
718242
559139
565250
618688
502846
920810
124078
674588
529674
156653
696092
938710
539917
492184
349992
236346
462655
529977
106939
181078
307092
888658
384819
365381
769107
32129
342703
782429
927013
922747
169821
377943
470931
693087
89289
220360
976054
860255
221321
308072
264022
488331
827393
5697
578077
547763
603891
413079
866330
685397
496684
868352
563831
866316
470595
291932
547294
857695
567375
129093
308189
409703
635266
19607
445301
973567
643465
447427
119582
508801
37188
357498
97349
959169
594938
326529
797822
847912
591718
967388
605227
11708
331930
488692
321936
558041
314579
943607
647085
109356
23743
177855
204821
287358
409638
382615
228406
296261
886164
528201
298799
83576
518134
574362
962664
439947
635956
324324
676273
186373
866429
133480
479665
171523
731047
606633
818671
675928
750097
534729
450360
699168
625183
959798
635175
420072
231512
145495
499646
593358
49447
776891
890201
237627
735813
869411
779738
305194
108423
739082
927516
794258
712708
386558
773124
959400
179908
723393
221815
743111
249729
176506
697453
467093
263045
582179
365330
382294
832543
323097
748768
460942
51492
515137
661707
779992
387122
973608
954551
923156
163229
924510
914476
639302
75656
385390
793952
269453
547019
151456
591895
636516
404298
96297
567178
92799
557492
775318
840466
735340
926075
289603
967063
81824
376352
755514
197432
979969
518506
993284
128424
848795
619745
674238
71438
925389
530309
717541
290402
44160
65349
667705
708056
380864
756646
861303
976584
87339
334212
89244
171156
919517
745978
231542
952776
219486
591728
280907
567571
75403
68623
725639
646804
674240
574556
419372
294470
963530
492299
76829
987127
463201
732563
427696
954935
140703
956157
101470
679322
100330
55547
515943
374943
390465
707249
828670
312666
305936
68683
345364
269435
79881
352410
828553
473413
318315
997642
878977
346435
756181
285793
780765
393075
643689
369389
518081
507824
864416
295665
924671
170909
298039
593596
541138
995515
542772
914874
879768
959294
802412
545214
967507
434807
429626
557596
15902
113636
897058
523662
196320
284571
800486
95333
23747
236416
899662
179356
351022
731796
377339
167649
50602
223535
537574
418560
299078
989338
418929
328876
172002
301539
863275
971537
611410
544001
541781
898342
25640
56396
901778
813460
210792
849478
920173
588749
743646
680191
887535
370275
387765
4046
142280
38283
540618
247487
602340
675958
896450
442854
703790
425151
438244
603414
306127
824725
404319
656143
247513
747223
305458
746880
88362
720931
980978
317787
711742
164909
397337
992118
258365
913708
678320
241987
780630
230316
500273
993887
432739
89799
911308
614838
666877
805741
580775
284030
647407
534529
283943
284264
282079
667014
8130
403692
408423
887291
901079
459134
314581
664875
579087
767201
179348
584926
110950
44217
900123
208087
888484
381827
621623
132991
287600
639715
373353
530242
769847
727991
631877
928839
214811
652210
200639
55892
504780
902383
223190
681810
660204
145676
142467
18702
489714
894215
575962
864420
828815
422061
925983
634930
432025
106223
121743
198709
142263
331858
536657
229750
613606
147963
979723
13046
78069
870697
429413
983872
75644
65709
394481
495687
125156
337828
178106
204537
240599
13984
397588
61565
978490
512414
954241
302045
102733
259976
148525
550312
583209
968199
488422
69379
41588
982047
626747
947538
975874
529493
472590
992704
231997
105242
524697
686907
60046
385574
344194
310193
571021
341311
852205
319358
265153
790899
713093
345771
552637
358316
622920
701592
216682
264139
91176
463012
899277
376318
609525
95915
577231
645126
703122
751767
958262
365797
671659
780501
703612
965571
651676
973338
749258
78036
266166
834222
461943
902189
825808
840146
957986
291700
916499
299479
306453
343357
534813
662151
484103
817362
428158
661561
221634
620164
456906
755400
488467
669731
558765
803389
469421
661361
272067
390541
580051
22792
892193
414662
797160
677621
527840
185310
512826
421275
373307
453161
920467
363315
954386
465057
478113
575350
721258
516837
573895
288836
660184
118044
361891
277306
313039
577927
877694
942393
211451
915574
444355
92574
513642
684032
320222
705625
479719
669769
395692
576809
193896
458591
128683
936375
841139
62403
859227
451108
280741
976758
140714
614073
538757
978396
747271
159534
258998
529109
51813
244168
317435
694799
494252
65883
830104
408660
757729
623956
306577
747289
190262
511367
74004
836942
22313
51474
420385
516410
441236
205983
657639
274863
637378
228207
533876
30507
915023
689751
98702
631197
640508
460764
945296
491884
108524
174225
312511
697884
864260
926548
417940
638627
15281
838343
371424
751352
668563
589179
738347
516743
778930
129387
656410
590387
786067
951511
506695
569674
918516
668665
393909
818226
181189
192683
4820
799113
433100
907896
272124
159236
531572
294902
217237
592948
788946
942047
714334
278032
200382
847765
212846
505304
91730
284512
427837
454749
70848
514028
130580
940192
884942
651437
675216
527505
916537
80800
538500
324386
515657
510437
568999
902903
231190
444286
556613
314000
783069
73536
411259
850235
9015
489883
33491
694098
939520
492643
686073
181071
845183
795385
42539
876055
107527
316597
583337
879286
97867
172572
699791
196860
587557
696886
601402
223598
536019
364733
161073
436871
706733
820090
920301
915127
584898
182232
987074
473056
68595
880967
80604
632935
639901
227887
754810
618631
934579
784317
170802
905754
819849
73093
499782
414259
748796
271079
916144
478728
934388
906076
887726
667093
996134
193538
667207
438989
219982
326684
90936
320846
552522
701836
12292
57415
919884
152230
4552
146268
787086
683974
955451
974054
667750
927902
41681
631122
873377
579221
546227
865054
632833
790074
352960
670775
792501
110692
510417
472441
901836
969557
681795
54073
966341
957195
818987
11385
355886
121909
254154
848893
180138
310959
560683
385074
216448
922389
988014
969768
158812
499628
265565
945972
828825
330298
893270
129634
171481
280315
256697
227388
52724
887741
158943
27798
784473
328260
554792
187841
858466
466596
730036
341497
585879
666386
836258
832074
559904
962425
93676
69308
34002
960891
188152
488763
215929
831060
100645
363834
343426
45452
923996
585020
146397
719100
570373
150927
702328
225873
293256
453452
219051
971502
489773
522572
881909
529237
994607
806158
694406
381078
346371
385506
160177
455532
875071
478970
226200
930170
302160
581878
53471
506327
225372
189082
870448
700910
134871
298222
730500
781185
211795
216046
743331
186674
115311
262265
396019
733212
113782
573873
41511
233753
877552
504134
318435
246327
94530
930
641294
432409
472508
958091
979619
6270
646301
110336
371279
896899
908770
889587
235409
790139
147344
200505
495026
94299
843941
868766
260045
949666
487885
626864
436797
140700
957501
89124
715258
39203
703037
683945
388975
198303
830635
89180
974810
546084
131554
838212
729415
430270
41903
396180
431361
136117
191443
848815
598307
329686
630539
68680
974066
100749
304064
190323
950577
753100
139987
265995
101015
222099
222174
872877
634384
282129
137783
386626
481925
733821
942689
852172
544737
402099
270905
288776
586558
180732
98142
661919
288877
513803
327561
571213
420508
628179
745530
289168
118328
7695
392066
793859
840052
303709
60904
703425
426028
809146
666713
79427
201746
483123
220662
753896
496263
760928
607120
866953
562082
418070
652643
5473
887780
864965
711331
674420
168351
860355
962539
244356
408547
347131
592776
979191
901099
810549
67814
665119
146994
542792
990829
771403
891108
64546
795066
828801
863243
735633
906368
643581
661142
393915
786505
200903
105470
308177
993612
771833
260395
254719
694338
775426
775804
529952
774940
38696
144016
681391
524349
896725
658693
758824
317187
53377
916092
149395
940672
200715
468585
431353
936905
679607
935365
44147
275996
638590
662127
619699
477127
589600
530229
36354
180169
703730
484089
892279
637837
534620
481941
581972
519640
725331
650681
193786
50812
37381
522382
568295
827157
867657
439813
764945
880879
199908
878333
637109
518796
128797
740176
813638
105971
888381
441107
879961
761407
612215
540259
311575
193078
783958
809716
18441
816212
530694
469822
347376
711704
753203
725139
970131
897134
204118
475860
374883
27177
256702
612613
681758
938733
985214
73136
17053
117404
486707
436124
329089
555538
287004
565253
700336
853433
462028
264885
411224
388942
644879
278084
279623
464893
238032
739521
750628
133034
842809
732225
323422
532888
568057
445588
34097
812960
857260
81996
891618
255875
436207
442551
76840
300232
344858
427428
925456
708225
491118
238278
454002
102400
176526
149768
53482
215636
444850
91634
943547
363460
48225
198857
786373
893782
682108
209736
699651
963724
45590
460674
551839
105113
334497
34733
621317
599155
192280
737798
802003
734474
588720
872932
826656
698641
17594
479993
763522
352158
125239
712801
675722
555110
910042
954064
745518
756489
639017
403035
547944
785707
868508
720950
112895
946638
562936
995233
77674
623013
875956
732466
781969
988417
151081
919363
525832
297267
3475
542723
640382
354504
181505
474681
932785
279601
191125
979271
50079
426784
391844
416537
83921
828369
281078
720118
893158
641130
457064
850196
729859
231294
174568
410430
694606
942159
216065
520479
621557
420087
752645
340447
731180
753171
613741
94446
765868
780936
536307
681436
61284
833716
531348
93688
735748
571892
653980
166901
410269
89758
39792
400315
509945
262449
405322
793518
116538
260308
497782
800792
900475
754628
285024
972320
357954
268359
762635
719758
366278
351537
958798
754558
804993
723222
885214
85363
413051
856497
277873
942424
407248
66277
879458
475167
317299
50040
4463
867785
335817
661289
147726
523073
586643
807908
241091
533047
961116
850926
934416
119014
669150
44165
490004
999423
52014
563205
923716
793222
14904
891228
351463
937039
572656
185857
630411
275139
990277
489528
780311
822455
182367
548418
504642
132794
459124
808246
997354
155871
82306
593434
162952
528632
736934
149863
56167
349570
874331
860969
755982
931224
50490
542045
33811
134206
555997
345188
145269
872178
924684
399448
510713
735737
679712
280370
623173
650800
500121
754211
407114
650051
648761
198412
901763
192586
608984
323650
890110
21094
688797
5516
545763
534690
881865
579818
210023
768442
257812
685519
553797
502374
502845
798831
401763
962777
637741
435234
140961
229390
775178
344510
588133
360337
596159
521872
440315
345441
366622
336115
996901
375297
783537
334500
296808
980028
922154
57187
953843
872584
979733
249014
451406
363208
771432
102765
30919
435680
804945
771658
366774
173739
592577
315567
681155
129126
98959
80937
5300
368393
176173
577769
465572
54253
299982
888623
93950
472037
325993
265652
492108
668037
805623
141433
742175
104007
13689
158145
211579
782484
554661
211022
249822
367844
987017
99316
60979
586545
549031
710230
270510
242259
528719
796165
129154
284563
249757
848780
694998
591747
366472
193844
491121
326759
24721
364064
367579
612134
523080
152948
503301
336050
449450
285342
917806
859167
600857
260787
349753
648484
657239
186057
135223
437469
239196
310538
60634
11908
864123
687236
690691
98912
632118
383528
979949
872698
560912
178360
406004
354439
238951
387697
860621
696855
23026
108716
195448
514342
755411
127340
131480
235921
384387
442022
287125
436507
13263
590780
538225
417950
707887
715894
816557
482311
724527
749134
297903
682200
143333
453821
837900
137985
703809
255855
532754
835990
749528
660328
782120
654406
268642
395360
904947
281539
234487
142041
472606
378194
120589
918619
184293
24816
750584
503612
346289
841234
371503
335561
310814
421107
675139
955334
441703
392559
760829
35224
495677
306096
899682
167604
614667
503972
271372
155565
442286
404444
656173
781523
209659
692873
1612
948314
820842
259902
580471
482847
952697
697660
342705
838960
946251
935120
119535
733005
923429
332386
186679
455034
51463
760750
658795
343424
746769
868266
410663
907169
466983
475690
107989
948417
667277
989164
561505
410535
159136
761255
931235
462128
662116
283831
553972
946045
582347
123827
179487
238107
869400
733426
671471
560226
831598
681242
975216
957191
506468
742816
464727
597749
143302
253763
310172
685906
235494
126830
595997
770276
557593
190430
627593
686495
421347
710855
634525
965853
546532
133321
227839
68981
271264
403003
915572
294857
657502
522328
665612
451862
670838
489387
471321
115895
191209
907261
584796
915085
204759
239673
524072
626201
568874
499374
390056
837799
113953
882611
298778
635831
764075
941739
552040
237635
207617
393482
560895
945968
684565
880609
396579
168221
561946
128511
565690
383416
856491
194988
214684
198034
426284
186695
643905
633301
94358
435796
748670
34173
687553
204045
476083
99361
945320
773810
243325
131363
112417
689493
967074
117497
869409
68721
190015
961400
781931
647164
785610
623292
557228
923639
401651
19219
889413
786743
64210
917919
490237
584403
605886
590525
227600
678535
500567
260492
215282
891053
755486
163706
651688
17738
887393
682222
955001
606939
812428
981409
951505
85942
478125
542572
563270
343045
376601
996360
973552
776892
982460
271279
242091
14702
592034
127251
688760
28317
75979
892997
520867
990711
259145
474814
33874
126346
227172
470149
308548
40134
513666
960474
380578
885664
76033
47407
43424
138998
88305
769944
221911
644981
499083
209615
886815
222954
925709
868785
576442
622739
574422
856880
9403
136085
685102
828712
935850
631778
459926
490503
564676
226735
833342
850814
556691
147442
176404
265313
200
283515
340132
625020
618624
743621
614545
457996
463934
218662
296604
223413
59382
17114
375177
937945
716529
609736
882744
848997
7907
612623
859446
834377
271702
137010
638868
454307
247631
966740
270200
30890
158849
43391
391734
59314
34062
538446
742556
216890
942215
98917
230675
795685
24645
133819
183462
797927
838039
383905
282763
662119
115156
210334
89742
388323
813828
129393
556817
555514
203856
909012
886746
245982
64609
987263
589459
180550
849948
595032
334461
520704
503300
709145
607879
674283
986697
715406
290234
114581
623980
734920
267579
950760
306355
89922
78204
821809
293427
157973
828319
229394
931904
204812
938892
609686
453942
292665
776429
355401
821921
272656
88653
997981
141773
799738
20915
785108
6636
207661
342019
24754
194659
33835
593548
602929
350911
831947
970051
854348
502235
598268
199571
508673
406002
184440
50034
60334
75669
764838
999757
601039
243352
822936
779266
841580
847723
837355
855930
286205
578715
526305
712544
906147
197161
973783
555104
63939
40512
528212
564160
133984
842346
975529
833720
476560
765084
73889
105856
782195
683725
499936
363505
553637
967102
740148
484347
459497
361825
57673
729465
157037
53450
488530
243666
978676
59408
682572
75191
343282
350763
89908
990268
678155
17136
96694
786413
241150
1009
515522
33110
204770
489162
548135
156256
606646
7553
858482
278664
382618
305170
42401
249396
447799
45936
527785
457519
204269
652602
27386
160175
832229
879643
198253
260053
454107
92887
656806
812763
625393
584278
454099
918437
21182
410773
412601
231657
771380
968246
785959
66856
309874
252926
534731
103990
440741
829654
279122
553209
351835
897929
567635
41972
757238
825001
271222
299615
600657
96833
134583
295513
921797
986517
422316
17576
536412
571292
561444
475767
172539
410936
741681
57561
295797
477728
871571
38409
447465
510639
81004
160285
476426
270520
377546
905609
79759
510198
543450
680131
238506
785980
963805
419797
849315
797404
491357
96791
721970
38357
629950
682305
260513
563854
276615
643210
434549
625199
769931
358680
8137
582269
146477
983629
562724
668
482306
935088
391829
579486
775632
183566
684591
157591
402817
590121
188708
426801
367803
719985
465122
639555
919980
206599
106290
496606
525133
124807
521641
180599
798669
851765
459462
838915
205350
757794
312258
134252
4696
576752
159640
509260
269882
927202
916465
748685
394873
735216
395370
681601
649384
303896
869448
226585
811703
501483
393047
172468
644811
487156
240175
309116
868996
489384
651168
381438
126733
294898
639834
903030
357524
939232
415258
929852
244075
654050
685554
119299
40203
335269
296021
24627
434746
451639
357361
558822
275536
981809
126107
267215
877726
370786
433488
150534
131473
681414
235215
541919
293597
205613
646869
350474
688295
89396
363116
909481
46754
256692
333013
199444
332011
753173
653676
549554
227076
799693
752669
51680
143100
912828
624550
272823
197982
384944
434032
578127
568103
981006
659096
169053
802081
309173
635265
512067
18281
317286
796260
830487
668681
557942
832524
901461
16425
138759
445733
594397
309262
835268
780776
755597
321287
958241
212049
144495
36865
499797
387563
302721
800078
595862
265645
526329
610182
35787
706369
896972
213177
486043
989752
92814
908650
890808
400717
169204
453050
703191
526110
857329
220684
869634
178245
624368
875627
781799
149672
871281
871342
302397
485680
301343
422804
950813
350611
27163
923462
531053
696107
42186
782185
469819
698598
22883
619542
874703
313234
560304
213284
201304
835612
167896
157969
409838
370723
458516
792361
117469
93603
981984
510551
177057
547609
614677
986942
10086
758420
370139
538484
652987
442826
441687
452660
733351
632804
547275
526907
246915
147378
339782
860938
805510
34276
336673
949216
602465
951362
468690
271627
982990
433730
564140
770950
551505
221704
569001
757508
734704
66513
397249
93743
924125
560218
481831
111209
252630
511439
21928
660529
717070
497426
481227
176934
563071
320014
291882
476386
491566
125174
384802
954571
814027
970554
264752
442094
29669
784245
710806
759533
720980
266901
9656
745221
779892
990971
139483
802127
444258
822171
920117
723537
236489
977036
985314
253877
332468
751860
264066
359698
916533
725004
845268
525879
332517
31241
128667
235125
778912
828804
465082
19577
119811
656026
817575
944187
915450
790125
745379
566597
696759
363235
868968
706935
326874
961163
651124
105859
784883
671165
326666
336567
833600
2834
475400
173228
683621
30290
651176
716822
305668
286358
175078
244079
703159
562420
563301
271941
58383
492233
876911
738647
201925
113122
22514
347503
540633
317678
58783
192025
509706
791767
686136
502612
887540
794655
176660
324983
818591
264391
300753
201991
278460
557099
597778
615538
19922
729547
20070
966930
743358
672061
811239
331307
951502
987287
240297
93643
708947
372353
432570
446914
427902
191255
924973
355583
436122
137405
541041
393543
580763
744800
86460
856170
521889
134836
732767
923304
790916
641346
789096
933277
57277
988931
55747
607215
279656
490275
223162
677875
91321
699510
943518
533814
253725
483027
688441
784391
3339
860389
672148
211949
852323
350624
565022
820536
873915
513136
175565
68219
222110
504816
483903
688973
578882
62680
49671
235539
493207
493832
647367
230925
383472
855067
791011
504680
507237
956376
815057
511086
711064
677674
364748
179083
532082
916185
536340
733436
407523
478850
544494
728007
25731
75575
329732
267432
676779
317885
407376
415835
718939
151612
511834
175092
506255
634243
186529
135184
562985
85753
830124
966219
847347
581136
813776
226886
878048
304347
296250
825592
166086
369607
338438
597580
748255
310493
69222
634340
593520
687645
245151
972716
325734
545786
272855
940843
347565
824261
847946
103779
621526
207286
240041
123670
89806
757210
758551
490861
6989
222623
924377
235139
990650
997594
467121
57757
342573
32385
131360
310262
489852
134848
185804
50064
454386
604597
279088
781630
465784
880519
431048
123664
236075
756216
310944
288709
684349
814214
598098
311284
355072
774714
27098
903898
851920
425788
755398
56590
221854
391612
911990
366300
136582
982844
561145
303517
210009
66730
150928
246342
304102
802170
737936
83677
704271
525293
188314
245304
104812
575929
554980
614879
474030
34801
684943
660512
985978
81250
354146
716409
156569
223735
166000
186132
729892
936769
157859
82566
265963
289553
914863
972655
929099
141108
218833
374367
615571
236637
583495
52383
701182
630964
573506
523636
830898
306727
795958
162955
849640
41006
194284
960227
529829
107779
652338
459415
182019
728914
803911
627698
98443
413275
730160
652162
912997
164625
624895
870772
300752
217782
876631
366899
188031
890800
321972
266507
399997
860533
609171
261680
397163
931352
74003
404623
841587
167627
54910
356467
221689
575023
752863
311612
870901
721371
462027
770220
385979
238897
20048
867442
265925
612557
85948
80129
732644
884002
13034
154719
400463
364007
375495
754384
352151
254161
153154
782891
189377
772619
880826
615666
24253
131682
727986
437575
678844
507291
968514
848518
287661
241922
740635
376246
936614
238042
517967
463615
869729
95860
914402
726165
884075
680290
527836
722311
631488
772664
505399
334840
814129
775806
942944
390668
351070
926741
52669
375071
919068
822037
584170
778754
24934
620486
733033
488699
560913
879258
20278
832883
272808
153172
412531
294925
583606
294856
694015
932491
657732
281987
541007
454280
551543
605778
119818
459521
198286
267159
657290
975121
711750
957728
892643
641068
959548
457493
210094
118829
761665
366163
195973
823165
471082
554132
685112
401972
831934
318980
249920
307657
742729
193276
436595
618869
385480
661147
725453
331673
293306
841543
413648
571331
430759
241733
63425
19919
316147
700416
200841
588205
650480
311319
414285
688223
659778
435574
719597
355110
860861
405125
787088
763144
638239
888682
299198
941754
758943
358315
412417
913524
92658
694677
872355
478963
162983
173855
825484
569659
400560
819156
451580
165788
46687
416456
86995
80356
195430
24612
341174
801002
904016
486933
911858
709576
547638
44881
838699
242446
767477
377196
505234
66829
265290
768450
111369
143326
577014
777589
235908
833995
564955
815470
638601
805393
749523
293255
189198
471774
451526
577305
358732
94632
383594
940971
875740
919402
686546
360701
341844
247579
897740
378829
900919
541427
639883
431693
355715
934362
914900
875164
650300
264039
78494
694699
823539
544410
999464
324570
806546
285534
501081
445045
276257
112458
254741
530853
331245
790945
452337
346430
427922
513508
846784
360474
736780
616112
395940
127362
956917
412411
260147
665756
254509
517483
942345
499074
787459
830358
883366
803926
869545
890712
997548
486738
774247
198828
358766
658490
837638
836473
72592
182955
897186
10646
236849
433403
267316
404583
858542
735682
306823
699888
831798
311568
50705
965772
516293
499700
678392
226736
357623
537988
500606
406156
866597
24643
109052
871714
599262
642991
364028
773264
790194
326505
816015
900179
729732
314930
413443
138543
379276
486165
404070
461882
573867
653300
746340
334569
248585
521472
247019
270942
892523
239793
823310
618711
57875
239970
495460
497982
839430
523575
610550
638657
551922
440087
98134
292044
813254
329328
942878
388207
85619
495403
362735
166759
661019
304288
64830
163409
103076
932045
347231
708219
788631
829754
501938
764967
362492
684990
286460
443744
542084
251754
207331
740019
51364
544321
928858
75433
322792
965350
639501
444992
23393
243572
498084
290037
951702
679786
473307
985792
124574
439619
299005
287273
936591
962880
15645
94438
54207
897948
541680
625163
246129
168767
241107
276811
201024
935465
264186
638179
508065
293223
41635
111805
758376
680837
197739
309790
610950
679656
633116
250442
189250
850522
441349
170566
122464
505829
884155
776294
627388
458940
279484
785347
247288
291547
454175
230897
244248
129565
602824
151363
796625
405739
791180
839664
671869
276400
67334
874491
559455
227731
224379
689759
572751
186928
635808
417215
28188
629566
37692
754289
284186
693618
125140
182495
250499
730929
901558
459857
756365
682588
17780
857311
955462
865337
472460
735419
683019
624520
29850
525459
249946
271579
193429
174870
410925
374672
473614
991026
235213
454934
508694
980673
652094
32578
444912
478645
814426
879067
514364
990354
427747
386698
113362
363141
266793
88953
41132
999905
707523
891522
590521
363646
636743
929155
329354
109100
800888
174815
906228
811882
388736
464860
3166
639447
497249
895829
901137
9070
534893
721692
890439
137702
359296
638282
883178
438545
383704
701784
884523
130263
388553
985895
801921
343924
233766
412761
64014
200338
553933
185165
355431
928588
955739
431151
227588
628448
625747
241153
799887
67992
579735
405122
285515
378750
688977
864631
132785
134328
639034
207232
901535
112811
782401
46010
593717
615942
143812
849905
142877
785127
792572
908967
475681
530234
125126
497691
573146
103000
480818
454188
295717
280691
123899
385208
359253
131335
369150
593534
599949
861235
300793
67741
822633
69156
172151
379656
837107
99791
286684
941708
643573
974674
155690
877229
816051
572477
205550
36990
737834
337709
20076
879179
737273
112204
987071
881122
384105
540332
668403
516150
505932
430155
782589
681772
594326
870368
75385
1533
664302
274205
619249
104692
192140
297392
34111
134129
567948
599317
732274
503539
15643
349162
497900
311321
339300
817539
740853
510960
83607
826242
138247
174114
524655
89436
87225
132586
483235
226600
832444
659691
639799
679349
915813
862703
515014
149842
165668
875809
130092
979957
558221
352890
594291
55297
150116
147535
708570
203272
533546
656507
271272
218174
163010
643616
59228
543123
252468
207963
822551
494600
964591
313323
860257
750191
928134
355817
458404
756643
328281
758297
982378
767418
890229
969953
450302
199218
184075
582758
392116
593800
870765
499263
984797
947542
104482
184483
232957
309905
743880
352318
744411
125429
580431
5522
557488
809149
548940
273776
80671
363167
959862
304718
15905
348710
894482
986672
252566
600084
336640
805544
721281
355087
439458
836662
399237
737986
747480
584624
657328
555875
634363
223407
171001
236278
461802
434474
205572
486008
451128
197863
38851
725818
494906
66069
760128
736748
197196
830477
816351
908542
141282
493940
165282
508236
818970
983129
158301
160505
52093
321793
881223
755769
535048
962968
169355
662256
730880
173844
652496
545277
904532
361992
270057
232392
781776
167076
129078
774123
509092
531878
124955
505437
866683
784701
877713
23350
374737
361430
424191
483297
664359
901672
89571
973916
929239
309815
216280
942733
10885
634847
573766
670844
559891
109650
142449
222754
759673
116598
316574
964260
629012
332712
605679
960960
35584
21514
770356
590558
757337
347033
809508
739298
210566
934778
495466
805658
205817
486123
446519
75594
124158
207341
692549
447629
897168
125722
859023
525067
379781
725544
661364
356513
259210
627274
834193
718606
65170
705772
406978
313654
926890
973317
292017
612420
551623
406294
785678
876827
114897
281216
239674
423793
442121
95268
799318
185950
881002
28475
174004
877523
495211
454967
79329
842131
384951
143316
155873
445822
213027
479798
466364
254907
825015
36738
956981
757351
230783
249434
93168
20691
247616
619097
763821
34188
122361
21899
179734
452444
76540
36473
436148
2065
555199
9747
375769
159192
227150
59579
359561
516876
607753
587000
815581
824941
561330
958346
204295
697113
728264
440567
253651
243771
378048
504477
913470
735884
560129
341415
911384
300536
60475
502897
735646
56969
906871
84296
97295
674028
180474
729305
716211
647873
337129
168402
704701
753932
760525
62650
456839
476434
617156
73290
921501
706148
925824
712273
933347
434727
382138
551694
104772
368367
78807
877820
66990
932061
431336
914950
269022
971166
572904
353233
76289
325783
907441
61619
699455
910214
410060
346613
142289
677549
800378
959168
729950
780598
130125
841809
438143
181193
77774
221855
71844
605103
108966
213483
353723
895366
115965
759577
444522
546746
612468
486628
363178
69178
857983
87100
922948
864636
955949
851133
641037
655267
888168
169918
337250
135374
250610
259731
702756
400172
136294
6919
179477
123861
982380
994154
237847
413124
96969
458706
848764
900289
248787
229515
521634
512284
116960
749875
423463
464567
365084
61965
140846
728946
574484
188386
330790
522623
765048
47473
381825
977314
111665
117279
457324
267568
601646
994378
162582
67301
508463
439644
10373
299576
524078
166660
212892
228583
329805
333314
860929
339122
42002
342223
935068
71905
840320
507322
265298
941244
4652
290770
902581
774716
897919
52220
741617
254127
757547
504556
522227
168851
637067
213241
691743
778741
254324
50922
430061
137071
740393
422679
178660
107222
905546
808733
991998
266922
864519
392429
303126
87831
368845
586491
603946
313891
634954
371563
433149
45886
108235
929445
816773
854529
495418
270258
934480
355994
13194
618583
182399
994183
669045
147320
844531
957242
564179
602056
632112
94948
219895
442426
755999
490405
257258
935389
557815
289715
811670
361759
146595
641672
238393
640782
733018
514387
133640
139994
271586
207888
255740
484853
589201
73120
727957
573424
270233
134382
7882
411836
27246
210166
883037
599581
13264
716171
467098
598912
491945
973522
623264
643510
311099
434828
69408
59882
289239
290244
169265
359603
729998
967885
793151
286099
271535
54055
839272
821001
508162
985705
618845
706929
348339
113065
919703
216485
64795
879502
783873
175746
457927
466559
960071
963922
59741
562155
511566
619375
298962
410214
721460
901070
327423
160553
978878
166704
598805
250356
953528
543461
163906
208208
84434
76375
441384
637701
100443
155731
592772
630000
87766
425443
304034
552401
908593
953113
940835
977088
66886
36271
367650
367077
155448
761794
173770
540400
653304
599659
804835
417423
402913
634818
899881
949816
726327
642828
818264
132565
62848
4556
84225
85443
615200
868649
232722
727039
677035
531988
96266
545772
831975
432349
503228
263001
387603
685676
441770
188416
750434
509709
375842
135144
631310
662498
181641
66521
913223
696559
96489
15232
227118
988624
504732
758563
750458
754676
21373
179178
106009
896611
566298
333971
978354
928677
990091
591640
161169
918802
757306
437421
461989
150417
630973
168749
203975
57338
544844
282499
938192
630747
671437
694549
319004
531212
807068
616779
709786
785124
129495
594095
535586
136447
559094
119982
662826
458275
5820
199574
282528
433839
248476
875006
850518
815374
614005
346187
93606
746374
417933
666340
166141
931375
793791
13139
410792
165916
46653
133882
217405
909889
391430
13706
255063
654090
659141
270109
477749
513596
881490
864212
6418
467902
103754
982946
100097
185274
181616
9269
475413
626028
16493
476188
613974
798486
32872
304098
241882
125065
406488
699501
517199
514466
600108
651847
703446
726427
174013
763237
708752
316155
257126
813619
424957
877349
563049
370735
494330
811768
925288
202663
741490
897729
648057
736194
739042
131139
188954
527880
883443
478061
14784
43093
250350
636256
834828
837077
284361
8174
395773
321933
829422
647335
914182
664992
96797
760470
508201
169752
174776
450542
161280
102275
538777
927117
887521
585717
218474
284376
440972
446634
608773
682055
527020
908230
174169
227753
162743
813795
473181
668775
506314
110350
520249
373797
860446
531694
543888
618898
98262
805410
402252
640584
395896
299219
227996
746132
255191
491803
283913
769365
718736
646283
547513
366237
825013
434558
721163
824964
45875
502488
124882
524534
137808
188217
914642
598785
291346
412355
542954
987
466592
627937
27040
821166
609790
863139
88627
147450
436715
164509
325954
501088
524715
488863
208388
468342
441748
379087
581885
574408
40259
959052
374276
871674
474873
678702
832182
450831
609586
457271
945897
42010
538245
889138
654054
933797
339552
926416
635417
763762
718469
10262
985546
625347
986878
401135
475242
966337
92214
860630
831056
256638
102501
381836
100696
568390
21169
747556
235314
734114
279674
608533
90089
382754
653824
261499
384419
126221
618270
460910
595138
798016
511302
779177
796358
415770
722647
838395
757755
796160
467664
871099
938011
651043
740590
291998
863462
468388
668291
670436
760856
57034
143214
845296
665635
345253
731819
501734
730025
258816
781082
322695
673532
52012
555001
322825
841359
348418
824344
401895
867875
623278
996205
302229
794142
229549
144563
768825
859680
192623
59639
279596
928011
401924
854432
758687
583671
838354
539682
338810
217980
636956
213342
47769
460374
437765
41111
884336
667188
763206
977428
840544
475810
989069
230404
899332
118648
399089
65628
254308
103323
265973
606906
103821
921783
216321
246609
747698
953445
569743
492873
388711
521715
459864
783715
113347
438951
31473
562334
352656
518674
899681
658547
36758
416850
828545
75577
553949
37761
700989
760690
708515
226360
278203
907988
272812
716188
741002
852576
19432
384262
211854
97938
89837
295969
473528
121514
772653
471088
136569
198067
322091
614579
805343
840853
252935
705458
717660
746945
455448
114675
615925
143723
100415
955786
510240
679071
584461
411776
760806
763636
26802
994883
272491
68311
301094
689619
935527
821950
480858
789279
447942
278353
971263
553245
85605
203994
840861
855020
237128
608510
105837
792794
612683
221876
264751
386665
251277
905149
253234
957440
38441
452031
670624
304826
495869
867204
6429
45846
933651
537427
970244
351992
621815
444061
715535
246592
595641
665982
522026
206722
433200
135954
733925
58742
965874
898683
552966
157639
24169
82535
552258
10033
544103
446869
679528
600377
243870
552358
434483
678076
239973
852827
860139
426
161223
624012
928441
377733
859117
55027
510897
167725
424440
281620
363887
775633
569160
429505
671631
829959
29244
637073
430231
297726
34835
173366
112448
955348
973082
955800
893527
901279
331588
430716
217914
318519
450176
351177
266712
589231
621276
554237
612099
928564
276034
954196
786022
283776
619418
478443
207896
692319
94768
438680
978564
834263
762294
209169
915819
372960
538449
910470
731688
958434
908739
704790
782896
323764
989661
271849
306707
568065
494612
959746
431319
634988
208919
326944
256057
808065
754960
314135
942668
931872
916696
900554
826185
325109
278558
763932
